date,open,close,high,low,vol,amount,date,code
2019-06-21,25.1,27.39,27.39,25.1,178.0,486761.84375,2019-06-21,300594
2019-06-24,30.13,30.13,30.13,30.13,416.0,171198.65625,2019-06-24,300594
2019-06-25,33.14,33.14,33.14,33.14,153.0,509030.40625,2019-06-25,300594
2019-06-26,36.45,36.45,36.45,36.45,241.0,880632.0,2019-06-26,300594
2019-06-27,40.1,40.1,40.1,40.1,512.0,2056328.0,2019-06-27,300594
2019-06-28,44.11,44.11,44.11,44.11,1465.0,6463967.5,2019-06-28,300594
2019-07-01,48.52,48.52,48.52,48.52,5881.0,28537960.0,2019-07-01,300594
2019-07-02,48.99,47.01,48.99,46.6,135020.0,643012160.0,2019-07-02,300594
2019-07-03,45.0,44.23,45.64,43.9,88007.0,393713760.0,2019-07-03,300594
2019-07-04,44.65,45.04,45.5,43.17,74445.0,332332928.0,2019-07-04,300594
2019-07-05,44.3,44.73,44.9,43.5,55914.0,247827840.0,2019-07-05,300594
2019-07-08,44.88,43.6,45.15,40.88,71159.0,308088704.0,2019-07-08,300594
2019-07-09,42.94,42.01,42.94,40.83,48918.0,204606608.0,2019-07-09,300594
2019-07-10,42.4,43.15,44.84,42.09,70629.0,306888224.0,2019-07-10,300594
2019-07-11,43.46,41.4,43.47,40.92,56232.0,236633248.0,2019-07-11,300594
2019-07-12,40.98,38.6,40.98,37.71,64984.0,253519456.0,2019-07-12,300594
2019-07-15,38.95,39.35,39.38,38.1,46545.0,181080224.0,2019-07-15,300594
2019-07-16,40.33,40.4,41.99,40.28,70373.0,287277792.0,2019-07-16,300594
2019-07-17,39.57,38.16,40.0,38.13,57310.0,222422496.0,2019-07-17,300594
2019-07-18,37.18,38.21,39.16,36.84,49120.0,185321184.0,2019-07-18,300594
2019-07-19,38.23,38.03,39.08,38.0,39129.0,150827488.0,2019-07-19,300594
2019-07-22,37.5,35.0,38.34,34.23,47196.0,167407920.0,2019-07-22,300594
2019-07-23,35.35,35.08,35.39,34.55,24989.0,87499048.0,2019-07-23,300594
2019-07-24,34.85,35.45,35.96,34.81,33896.0,120340784.0,2019-07-24,300594
2019-07-25,35.5,36.17,37.0,35.04,47983.0,173841104.0,2019-07-25,300594
2019-07-26,35.6,35.29,35.91,35.27,32782.0,116577368.0,2019-07-26,300594
2019-07-29,35.33,35.49,35.88,35.2,23991.0,85109184.0,2019-07-29,300594
2019-07-30,35.88,35.53,36.38,35.53,29543.0,106259000.0,2019-07-30,300594
2019-07-31,34.9,34.07,34.9,33.9,35846.0,122839296.0,2019-07-31,300594
2019-08-01,33.7,34.57,34.57,33.7,25061.0,85639440.0,2019-08-01,300594
2019-08-02,33.64,35.33,35.94,33.6,44036.0,153737632.0,2019-08-02,300594
2019-08-05,35.22,35.08,35.97,35.08,34590.0,122981136.0,2019-08-05,300594
2019-08-06,34.18,36.87,38.18,33.88,67367.0,245291408.0,2019-08-06,300594
2019-08-07,36.64,35.43,37.07,35.4,45099.0,163410912.0,2019-08-07,300594
2019-08-08,36.0,34.48,36.0,34.34,30281.0,105357632.0,2019-08-08,300594
2019-08-09,34.75,33.09,35.06,32.83,31069.0,105160392.0,2019-08-09,300594
2019-08-12,33.09,33.63,33.65,32.93,15948.0,53192508.0,2019-08-12,300594
2019-08-13,33.29,33.92,34.43,33.12,21333.0,71837224.0,2019-08-13,300594
2019-08-14,34.2,33.41,34.28,33.36,21332.0,72350864.0,2019-08-14,300594
2019-08-15,32.38,32.86,32.9,32.03,17477.0,56898152.0,2019-08-15,300594
2019-08-16,32.67,33.15,33.51,32.67,19459.0,64668240.0,2019-08-16,300594
2019-08-19,33.01,33.94,33.98,33.01,21716.0,73113184.0,2019-08-19,300594
2019-08-20,33.89,34.09,34.38,33.71,24857.0,84584112.0,2019-08-20,300594
2019-08-21,33.88,33.95,34.48,33.71,24495.0,83707712.0,2019-08-21,300594
2019-08-22,33.93,33.54,34.27,33.17,19156.0,64430036.0,2019-08-22,300594
2019-08-23,33.58,32.68,33.86,32.65,18327.0,60634372.0,2019-08-23,300594
2019-08-26,32.19,32.4,32.46,31.66,14871.0,47712724.0,2019-08-26,300594
2019-08-27,32.49,32.83,33.1,32.49,15694.0,51545656.0,2019-08-27,300594
2019-08-28,32.97,33.85,34.2,32.72,31042.0,104431736.0,2019-08-28,300594
2019-08-29,33.78,33.15,33.8,33.1,21492.0,71662504.0,2019-08-29,300594
2019-08-30,33.5,32.36,33.57,32.32,18674.0,61348624.0,2019-08-30,300594
2019-09-02,32.36,33.42,33.5,32.36,19569.0,64861140.0,2019-09-02,300594
2019-09-03,33.46,36.22,36.76,33.4,72361.0,258292432.0,2019-09-03,300594
2019-09-04,35.29,35.55,35.93,35.26,42198.0,149999552.0,2019-09-04,300594
2019-09-05,35.99,35.72,36.35,35.49,40062.0,143698320.0,2019-09-05,300594
2019-09-06,35.71,35.97,36.07,35.4,24539.0,87602336.0,2019-09-06,300594
2019-09-09,36.02,36.94,37.3,36.02,38759.0,142846592.0,2019-09-09,300594
2019-09-10,36.8,36.03,36.8,35.86,31416.0,113561272.0,2019-09-10,300594
2019-09-11,36.29,35.65,36.29,35.5,18342.0,65497240.0,2019-09-11,300594
2019-09-12,35.84,36.5,36.63,35.65,28371.0,103021272.0,2019-09-12,300594
2019-09-16,36.45,36.75,37.29,36.45,29668.0,109489704.0,2019-09-16,300594
2019-09-17,36.56,35.5,36.56,35.13,25848.0,92298464.0,2019-09-17,300594
2019-09-18,35.9,37.1,38.9,35.62,50070.0,186410672.0,2019-09-18,300594
2019-09-19,37.5,39.01,39.87,37.14,57182.0,220863808.0,2019-09-19,300594
2019-09-20,42.91,42.91,42.91,41.01,61981.0,263992960.0,2019-09-20,300594
2019-09-23,42.0,40.1,42.01,39.4,86860.0,355975040.0,2019-09-23,300594
2019-09-24,39.26,38.57,39.42,38.31,59859.0,231993456.0,2019-09-24,300594
2019-09-25,38.38,37.91,39.39,37.7,43292.0,167864192.0,2019-09-25,300594
2019-09-26,37.62,36.74,38.36,35.95,40241.0,149040864.0,2019-09-26,300594
2019-09-27,36.54,37.06,37.56,36.54,29256.0,108505208.0,2019-09-27,300594
2019-09-30,37.5,35.4,37.5,35.4,23739.0,85826584.0,2019-09-30,300594
2019-10-08,35.99,36.29,36.47,35.0,21211.0,76204808.0,2019-10-08,300594
2019-10-09,35.9,36.04,36.16,35.25,14816.0,53061364.0,2019-10-09,300594
2019-10-10,35.88,36.62,36.77,35.35,21150.0,76926648.0,2019-10-10,300594
2019-10-11,36.5,36.14,36.88,35.62,19904.0,72186104.0,2019-10-11,300594
2019-10-14,36.23,36.94,37.06,36.14,21453.0,78752760.0,2019-10-14,300594
2019-10-15,37.03,35.88,37.03,35.65,15636.0,56625536.0,2019-10-15,300594
2019-10-16,36.22,36.04,36.82,35.91,14684.0,53424604.0,2019-10-16,300594
2019-10-17,36.04,35.4,36.29,35.21,14134.0,50415312.0,2019-10-17,300594
2019-10-18,35.45,33.97,35.69,33.91,19734.0,68470832.0,2019-10-18,300594
2019-10-21,34.1,33.22,34.1,32.88,13042.0,43329228.0,2019-10-21,300594
2019-10-22,33.22,34.02,34.03,33.16,12867.0,43269532.0,2019-10-22,300594
2019-10-23,33.8,33.93,34.44,33.8,11048.0,37652404.0,2019-10-23,300594
2019-10-24,34.0,33.7,34.16,33.5,7639.0,25802228.0,2019-10-24,300594
2019-10-25,33.98,34.24,34.25,33.55,7894.0,26814936.0,2019-10-25,300594
2019-10-28,34.0,34.52,34.62,33.77,13193.0,45144396.0,2019-10-28,300594
2019-10-29,34.28,33.11,34.5,33.01,13867.0,46869924.0,2019-10-29,300594
2019-10-30,33.01,33.31,33.8,32.88,9433.0,31472440.0,2019-10-30,300594
2019-10-31,33.04,32.15,33.5,31.89,14314.0,46509396.0,2019-10-31,300594
2019-11-01,32.01,32.51,32.59,31.91,7167.0,23208468.0,2019-11-01,300594
2019-11-04,32.85,32.5,32.85,32.41,5738.0,18693030.0,2019-11-04,300594
2019-11-05,32.6,32.27,32.62,31.92,8252.0,26545278.0,2019-11-05,300594
2019-11-06,32.15,31.97,32.4,31.83,7214.0,23136784.0,2019-11-06,300594
2019-11-07,31.73,32.35,32.45,31.73,8200.0,26440492.0,2019-11-07,300594
2019-11-08,32.86,32.68,33.16,32.2,12838.0,41981988.0,2019-11-08,300594
2019-11-11,32.05,32.0,32.33,31.83,10023.0,32124782.0,2019-11-11,300594
2019-11-12,32.05,33.79,34.9,32.05,24061.0,80761064.0,2019-11-12,300594
2019-11-13,34.0,34.23,34.43,33.45,23875.0,81218696.0,2019-11-13,300594
2019-11-14,34.39,34.25,34.98,33.76,18682.0,63823432.0,2019-11-14,300594
2019-11-15,34.25,34.4,34.6,33.69,20762.0,70777056.0,2019-11-15,300594
2019-11-18,34.0,35.4,35.47,33.91,25802.0,89904216.0,2019-11-18,300594
2019-11-19,35.07,35.56,36.2,34.91,28343.0,100819744.0,2019-11-19,300594
2019-11-20,35.23,34.65,35.27,34.2,24303.0,84326048.0,2019-11-20,300594
2019-11-21,34.1,34.4,34.82,34.08,12810.0,44133728.0,2019-11-21,300594
2019-11-22,34.41,34.0,34.8,33.53,16083.0,54794972.0,2019-11-22,300594
2019-11-25,33.69,32.57,33.98,31.88,13695.0,44779212.0,2019-11-25,300594
2019-11-26,32.48,32.0,32.65,31.75,11885.0,38090900.0,2019-11-26,300594
2019-11-27,31.99,31.93,32.13,31.71,7622.0,24367112.0,2019-11-27,300594
2019-11-28,31.93,32.09,32.3,31.8,6232.0,19963018.0,2019-11-28,300594
2019-11-29,32.01,32.62,32.73,31.85,10717.0,34645008.0,2019-11-29,300594
2019-12-02,32.47,32.39,32.69,32.12,7274.0,23554402.0,2019-12-02,300594
2019-12-03,32.28,32.26,32.31,31.81,6528.0,20923398.0,2019-12-03,300594
2019-12-04,31.86,32.1,32.26,31.86,6327.0,20291790.0,2019-12-04,300594
2019-12-05,32.26,32.69,32.78,32.02,12096.0,39288872.0,2019-12-05,300594
2019-12-06,32.55,32.7,32.93,32.42,8577.0,27997512.0,2019-12-06,300594
2019-12-09,32.47,32.87,32.98,32.42,10728.0,35089328.0,2019-12-09,300594
2019-12-10,32.87,33.07,33.17,32.61,10990.0,36219080.0,2019-12-10,300594
2019-12-11,33.07,32.31,33.19,32.29,12404.0,40377996.0,2019-12-11,300594
2019-12-12,32.3,31.93,32.44,31.89,9877.0,31734490.0,2019-12-12,300594
2019-12-13,32.03,32.36,32.45,31.93,7365.0,23717852.0,2019-12-13,300594
2019-12-16,32.91,33.86,34.34,32.91,26631.0,89596640.0,2019-12-16,300594
2019-12-17,33.83,34.12,34.36,33.8,24354.0,82891816.0,2019-12-17,300594
2019-12-18,34.2,34.34,34.63,33.81,19882.0,67939896.0,2019-12-18,300594
2019-12-19,34.31,34.19,34.45,33.9,14203.0,48453700.0,2019-12-19,300594
2019-12-20,34.2,34.66,35.28,33.77,26235.0,90690264.0,2019-12-20,300594
2019-12-23,34.31,33.65,34.46,33.61,16569.0,56486412.0,2019-12-23,300594
2019-12-24,33.79,35.01,35.07,33.4,23266.0,80033616.0,2019-12-24,300594
2019-12-25,34.8,34.99,35.28,34.56,19092.0,66699912.0,2019-12-25,300594
2019-12-26,34.88,35.31,35.79,34.81,19703.0,69511680.0,2019-12-26,300594
2019-12-27,35.26,34.99,35.45,34.77,18713.0,65658808.0,2019-12-27,300594
2019-12-30,34.61,35.91,35.98,34.43,27195.0,96262080.0,2019-12-30,300594
2019-12-31,35.78,35.67,35.95,35.31,15315.0,54559268.0,2019-12-31,300594
2020-01-02,35.95,35.81,35.99,35.53,18945.0,67806344.0,2020-01-02,300594
2020-01-03,35.81,35.14,35.91,35.01,20284.0,71589776.0,2020-01-03,300594
2020-01-06,34.58,34.75,34.89,34.3,18025.0,62473420.0,2020-01-06,300594
2020-01-07,34.56,34.84,34.91,34.55,11067.0,38440356.0,2020-01-07,300594
2020-01-08,34.68,34.06,34.8,34.0,14997.0,51651132.0,2020-01-08,300594
2020-01-09,34.55,34.7,34.8,34.4,11246.0,38980112.0,2020-01-09,300594
2020-01-10,34.89,34.81,35.08,34.64,9455.0,32934216.0,2020-01-10,300594
2020-01-13,34.7,34.94,34.96,34.36,11529.0,39966308.0,2020-01-13,300594
2020-01-14,34.97,35.18,35.6,34.97,14987.0,52895132.0,2020-01-14,300594
2020-01-15,35.2,34.63,35.39,34.54,9783.0,34013936.0,2020-01-15,300594
2020-01-16,34.5,33.88,34.55,33.77,15338.0,52187112.0,2020-01-16,300594
2020-01-17,33.98,33.58,34.1,33.5,9057.0,30534234.0,2020-01-17,300594
2020-01-20,33.5,34.07,34.08,33.33,7299.0,24645320.0,2020-01-20,300594
2020-01-21,33.96,33.35,33.97,33.35,7770.0,26072780.0,2020-01-21,300594
2020-01-22,33.4,33.51,33.74,32.81,9094.0,30243558.0,2020-01-22,300594
2020-01-23,33.4,32.67,33.81,32.4,9754.0,32254972.0,2020-01-23,300594
2020-02-03,29.4,29.4,29.4,29.4,2240.0,6585600.0,2020-02-03,300594
2020-02-04,26.46,27.86,28.38,26.46,13432.0,37224524.0,2020-02-04,300594
2020-02-05,27.85,28.24,28.78,27.8,9650.0,27398306.0,2020-02-05,300594
2020-02-06,28.24,28.56,28.76,28.23,11095.0,31603458.0,2020-02-06,300594
2020-02-07,28.57,28.84,28.97,28.3,12466.0,35728892.0,2020-02-07,300594
2020-02-10,29.29,29.77,30.15,29.2,14048.0,41740084.0,2020-02-10,300594
2020-02-11,29.92,29.64,29.96,29.5,10280.0,30584846.0,2020-02-11,300594
2020-02-12,29.63,29.92,29.93,29.57,8001.0,23854556.0,2020-02-12,300594
2020-02-13,29.8,29.27,29.95,29.08,10526.0,31099524.0,2020-02-13,300594
2020-02-14,29.15,29.4,29.67,29.11,7035.0,20678484.0,2020-02-14,300594
2020-02-17,29.35,30.37,30.42,29.31,13371.0,40244604.0,2020-02-17,300594
2020-02-18,30.38,30.86,30.9,30.32,13907.0,42604056.0,2020-02-18,300594
2020-02-19,30.54,30.97,31.28,30.4,12769.0,39503064.0,2020-02-19,300594
2020-02-20,31.18,31.18,31.22,30.58,13312.0,41271520.0,2020-02-20,300594
2020-02-21,31.3,31.47,31.67,31.11,13145.0,41275160.0,2020-02-21,300594
2020-02-24,31.3,31.62,31.75,31.2,12395.0,39047532.0,2020-02-24,300594
2020-02-25,30.96,30.91,31.2,29.9,14499.0,44583836.0,2020-02-25,300594
2020-02-26,30.88,30.7,31.5,30.5,11931.0,36981072.0,2020-02-26,300594
2020-02-27,30.9,30.84,31.22,30.4,8504.0,26255412.0,2020-02-27,300594
2020-02-28,30.0,28.3,30.23,28.2,13823.0,40550832.0,2020-02-28,300594
2020-03-02,28.43,29.9,29.91,28.43,9266.0,27258276.0,2020-03-02,300594
2020-03-03,30.16,30.29,30.8,29.88,9767.0,29706692.0,2020-03-03,300594
2020-03-04,30.49,30.3,30.49,29.82,9113.0,27517382.0,2020-03-04,300594
2020-03-05,30.54,31.53,31.89,30.54,20166.0,63193000.0,2020-03-05,300594
2020-03-06,30.92,31.66,32.06,30.76,14908.0,47199900.0,2020-03-06,300594
2020-03-09,30.83,31.41,32.19,30.83,18342.0,57949716.0,2020-03-09,300594
2020-03-10,30.88,31.73,31.8,30.03,17951.0,55742156.0,2020-03-10,300594
2020-03-11,31.73,32.53,33.08,31.66,26507.0,86130464.0,2020-03-11,300594
2020-03-12,31.89,31.24,31.89,31.02,15113.0,47537296.0,2020-03-12,300594
2020-03-13,29.36,30.11,30.83,29.0,15033.0,45000888.0,2020-03-13,300594
2020-03-16,30.66,28.85,30.85,28.5,11461.0,34207492.0,2020-03-16,300594
2020-03-17,28.86,28.38,29.47,27.54,10638.0,30184346.0,2020-03-17,300594
2020-03-18,28.86,27.8,29.17,27.77,8615.0,24636172.0,2020-03-18,300594
2020-03-19,27.8,27.93,28.17,27.17,8959.0,24801120.0,2020-03-19,300594
2020-03-20,28.05,28.29,28.44,27.95,7137.0,20124960.0,2020-03-20,300594
2020-03-23,27.77,27.57,28.2,27.49,6808.0,18937312.0,2020-03-23,300594
2020-03-24,28.02,28.27,28.3,27.52,6524.0,18234670.0,2020-03-24,300594
2020-03-25,28.5,29.0,29.35,28.4,10085.0,29087774.0,2020-03-25,300594
2020-03-26,28.7,28.45,28.99,28.42,6950.0,19938504.0,2020-03-26,300594
2020-03-27,28.6,28.74,29.35,28.6,8733.0,25306126.0,2020-03-27,300594
2020-03-30,28.22,28.02,28.22,27.6,7874.0,21929238.0,2020-03-30,300594
2020-03-31,28.16,27.83,28.46,27.81,5248.0,14745435.0,2020-03-31,300594
2020-04-01,27.83,27.57,28.07,27.51,5382.0,14953194.0,2020-04-01,300594
2020-04-02,27.57,27.88,27.88,27.29,5726.0,15805998.0,2020-04-02,300594
2020-04-03,27.89,27.69,28.01,27.53,4749.0,13190005.0,2020-04-03,300594
2020-04-07,28.02,28.46,28.8,28.0,9533.0,27041988.0,2020-04-07,300594
2020-04-08,28.22,28.75,28.84,28.2,7482.0,21348612.0,2020-04-08,300594
2020-04-09,28.83,28.67,28.91,28.6,6482.0,18633190.0,2020-04-09,300594
2020-04-10,28.84,27.88,28.84,27.7,7075.0,19906406.0,2020-04-10,300594
2020-04-13,27.88,27.22,27.88,27.18,5391.0,14766480.0,2020-04-13,300594
2020-04-14,27.22,27.66,27.66,27.22,3751.0,10325595.0,2020-04-14,300594
2020-04-15,27.66,27.42,27.8,27.39,3661.0,10101791.0,2020-04-15,300594
2020-04-16,27.27,27.46,27.7,27.16,3732.0,10236687.0,2020-04-16,300594
2020-04-17,27.46,30.21,30.21,27.45,23153.0,68762904.0,2020-04-17,300594
2020-04-20,31.12,31.21,32.55,31.11,59782.0,189970944.0,2020-04-20,300594
2020-04-21,30.69,31.59,34.0,30.69,40194.0,128062504.0,2020-04-21,300594
2020-04-22,30.55,30.66,31.99,30.55,28106.0,87314016.0,2020-04-22,300594
2020-04-23,31.1,29.92,31.44,29.87,26309.0,79858544.0,2020-04-23,300594
2020-04-24,29.58,29.32,29.92,29.17,16118.0,47594612.0,2020-04-24,300594
2020-04-27,28.81,27.5,28.94,27.45,21862.0,61034232.0,2020-04-27,300594
2020-04-28,27.35,25.56,27.52,24.75,19488.0,50587988.0,2020-04-28,300594
2020-04-29,25.66,25.3,25.8,25.21,9084.0,23177012.0,2020-04-29,300594
2020-04-30,25.42,25.93,26.07,25.4,10090.0,25961368.0,2020-04-30,300594
2020-05-06,25.86,26.6,26.81,25.41,10423.0,27359180.0,2020-05-06,300594
2020-05-07,26.2,26.7,26.86,26.2,8858.0,23581762.0,2020-05-07,300594
2020-05-08,26.58,26.86,26.92,26.58,9014.0,24129632.0,2020-05-08,300594
2020-05-11,26.92,26.76,27.18,26.57,8171.0,21915328.0,2020-05-11,300594
2020-05-12,26.87,26.8,26.97,26.44,8143.0,21761322.0,2020-05-12,300594
2020-05-13,26.87,27.4,27.72,26.8,14533.0,39723776.0,2020-05-13,300594
2020-05-14,27.22,26.81,27.24,26.8,9451.0,25521444.0,2020-05-14,300594
2020-05-15,26.94,26.64,27.19,26.63,6021.0,16167668.0,2020-05-15,300594
2020-05-18,26.79,26.26,26.88,26.02,6839.0,18032796.0,2020-05-18,300594
2020-05-19,26.3,27.23,27.7,26.26,11002.0,29810838.0,2020-05-19,300594
2020-05-20,27.18,26.9,27.28,26.88,7005.0,18918270.0,2020-05-20,300594
2020-05-21,26.77,26.62,27.5,26.6,7626.0,20607020.0,2020-05-21,300594
2020-05-22,26.36,25.93,26.5,25.8,7450.0,19449702.0,2020-05-22,300594
2020-05-25,26.1,26.0,26.2,25.75,3801.0,9878694.0,2020-05-25,300594
2020-05-26,26.49,26.87,26.93,26.0,6466.0,17218764.0,2020-05-26,300594
2020-05-27,26.88,27.07,27.5,26.88,10733.0,29194996.0,2020-05-27,300594
2020-05-28,27.05,26.62,27.21,26.3,7658.0,20450646.0,2020-05-28,300594
2020-05-29,26.61,26.56,26.97,26.32,5151.0,13719290.0,2020-05-29,300594
2020-06-01,26.78,27.17,27.19,26.65,8065.0,21809176.0,2020-06-01,300594
2020-06-02,27.52,27.35,27.52,27.14,8670.0,23657900.0,2020-06-02,300594
2020-06-03,27.42,27.36,27.62,27.16,9909.0,27135726.0,2020-06-03,300594
2020-06-04,27.38,27.33,27.5,27.2,7081.0,19337046.0,2020-06-04,300594
2020-06-05,27.33,27.16,27.39,26.94,5742.0,15601010.0,2020-06-05,300594
2020-06-08,27.4,27.22,27.56,27.2,5865.0,16055184.0,2020-06-08,300594
2020-06-09,27.24,27.45,27.51,27.18,6718.0,18395218.0,2020-06-09,300594
2020-06-10,27.25,27.03,27.43,26.99,6783.0,18410768.0,2020-06-10,300594
2020-06-11,26.97,26.6,27.06,26.58,5638.0,15103783.0,2020-06-11,300594
2020-06-12,26.18,26.53,26.64,25.74,6760.0,17731472.0,2020-06-12,300594
2020-06-15,26.52,26.36,26.73,26.35,4454.0,11820515.0,2020-06-15,300594
2020-06-16,26.31,26.83,26.9,26.31,6099.0,16271617.0,2020-06-16,300594
2020-06-17,26.85,26.7,26.97,26.35,6596.0,17548004.0,2020-06-17,300594
2020-06-18,26.65,26.52,26.71,26.37,4786.0,12689217.0,2020-06-18,300594
2020-06-19,26.36,26.37,26.55,26.36,7856.0,20750496.0,2020-06-19,300594
2020-06-22,26.61,26.48,27.2,26.41,11422.0,30542822.0,2020-06-22,300594
2020-06-23,26.28,25.54,26.41,25.52,20934.0,54030028.0,2020-06-23,300594
2020-06-24,25.54,25.29,25.7,25.15,9963.0,25201328.0,2020-06-24,300594
2020-06-29,25.29,24.91,25.3,24.86,10029.0,25054550.0,2020-06-29,300594
2020-06-30,24.85,25.0,25.15,24.8,7782.0,19464430.0,2020-06-30,300594
2020-07-01,25.05,25.18,25.18,24.92,6873.0,17220542.0,2020-07-01,300594
2020-07-02,25.2,25.44,25.52,25.15,9655.0,24524394.0,2020-07-02,300594
2020-07-03,25.55,25.69,25.72,25.36,11533.0,29541182.0,2020-07-03,300594
2020-07-06,25.6,26.49,26.54,25.6,20197.0,52712308.0,2020-07-06,300594
2020-07-07,26.66,26.68,26.91,26.1,23486.0,62455304.0,2020-07-07,300594
2020-07-08,26.61,27.31,27.4,26.28,26383.0,70887872.0,2020-07-08,300594
2020-07-09,27.33,27.93,27.93,27.11,24681.0,68098736.0,2020-07-09,300594
2020-07-10,27.8,27.12,27.91,27.1,21194.0,58207868.0,2020-07-10,300594
2020-07-13,27.13,27.75,27.84,27.13,17018.0,47037896.0,2020-07-13,300594
2020-07-14,27.77,27.59,28.08,27.16,18943.0,52348148.0,2020-07-14,300594
2020-07-15,28.0,28.09,29.0,28.0,33022.0,93843920.0,2020-07-15,300594
2020-07-16,28.06,26.69,28.06,26.6,23195.0,63427336.0,2020-07-16,300594
2020-07-17,26.68,26.52,26.99,26.28,12013.0,31988076.0,2020-07-17,300594
2020-07-20,26.61,27.36,27.45,26.6,12743.0,34581844.0,2020-07-20,300594
2020-07-21,27.45,27.2,27.58,27.01,10639.0,29006824.0,2020-07-21,300594
2020-07-22,27.19,27.1,27.5,27.02,11854.0,32266294.0,2020-07-22,300594
2020-07-23,27.05,26.82,27.07,26.21,14235.0,37900968.0,2020-07-23,300594
2020-07-24,26.7,25.8,27.17,25.8,15293.0,40420076.0,2020-07-24,300594
2020-07-27,25.81,25.76,26.25,25.51,10424.0,26854550.0,2020-07-27,300594
2020-07-28,25.75,25.98,26.5,25.75,9213.0,23938848.0,2020-07-28,300594
2020-07-29,25.97,26.3,26.32,25.66,11004.0,28676320.0,2020-07-29,300594
2020-07-30,26.4,26.1,26.46,26.08,11496.0,30198290.0,2020-07-30,300594
2020-07-31,26.05,26.28,26.45,25.9,10435.0,27384876.0,2020-07-31,300594
2020-08-03,26.45,26.78,26.78,26.31,14982.0,39935852.0,2020-08-03,300594
2020-08-04,27.0,26.78,27.25,26.58,17470.0,46979528.0,2020-08-04,300594
2020-08-05,27.02,27.0,27.2,26.69,17935.0,48326284.0,2020-08-05,300594
2020-08-06,27.0,27.09,27.25,26.75,17696.0,47799656.0,2020-08-06,300594
2020-08-07,26.93,26.44,27.04,26.11,16832.0,44655200.0,2020-08-07,300594
2020-08-10,26.49,27.28,27.39,26.31,25916.0,70083232.0,2020-08-10,300594
2020-08-11,27.13,26.27,27.19,26.2,25074.0,67127200.0,2020-08-11,300594
2020-08-12,26.35,25.87,26.35,25.59,16009.0,41348732.0,2020-08-12,300594
2020-08-13,25.96,26.13,26.58,25.93,14231.0,37440264.0,2020-08-13,300594
2020-08-14,26.26,26.27,26.35,25.86,11754.0,30682122.0,2020-08-14,300594
2020-08-17,26.32,26.84,26.84,26.31,13535.0,36038948.0,2020-08-17,300594
2020-08-18,26.85,26.98,27.09,26.73,15908.0,42819724.0,2020-08-18,300594
2020-08-19,26.99,26.6,27.05,26.53,12908.0,34582392.0,2020-08-19,300594
2020-08-20,26.69,26.49,26.69,26.3,7375.0,19526800.0,2020-08-20,300594
2020-08-21,26.52,27.07,27.11,26.52,20379.0,54799456.0,2020-08-21,300594
2020-08-24,27.5,27.57,27.83,26.6,29955.0,81924928.0,2020-08-24,300594
2020-08-25,27.42,27.8,27.94,27.4,26475.0,73381312.0,2020-08-25,300594
2020-08-26,27.99,27.39,28.16,27.14,24067.0,66453324.0,2020-08-26,300594
2020-08-27,27.5,28.15,28.8,27.12,45776.0,128546144.0,2020-08-27,300594
2020-08-28,28.08,28.72,29.66,28.0,54000.0,156093472.0,2020-08-28,300594
2020-08-31,29.0,28.4,29.45,28.36,36847.0,106045856.0,2020-08-31,300594
2020-09-01,28.25,28.2,28.26,27.85,23737.0,66579928.0,2020-09-01,300594
2020-09-02,28.29,29.02,29.15,28.15,33257.0,95462640.0,2020-09-02,300594
2020-09-03,29.03,28.6,29.42,28.41,26470.0,76543632.0,2020-09-03,300594
2020-09-04,28.08,28.95,29.04,28.01,22131.0,63454872.0,2020-09-04,300594
2020-09-07,29.01,28.85,29.56,28.57,35793.0,104320536.0,2020-09-07,300594
2020-09-08,28.77,29.79,29.85,28.64,39081.0,114821288.0,2020-09-08,300594
2020-09-09,29.56,28.85,30.43,28.8,55973.0,166120480.0,2020-09-09,300594
2020-09-10,28.85,27.02,29.28,27.0,42340.0,117389416.0,2020-09-10,300594
2020-09-11,27.03,27.62,27.77,26.77,20803.0,56886188.0,2020-09-11,300594
2020-09-14,27.5,28.68,28.75,27.5,31462.0,89239408.0,2020-09-14,300594
2020-09-15,28.8,28.46,28.96,28.09,20491.0,58313900.0,2020-09-15,300594
2020-09-16,28.42,27.88,28.56,27.6,19949.0,55946784.0,2020-09-16,300594
2020-09-17,27.98,28.62,29.19,27.96,34123.0,97995256.0,2020-09-17,300594
2020-09-18,28.75,29.01,29.33,28.5,31624.0,91871192.0,2020-09-18,300594
2020-09-21,29.04,28.81,29.09,28.52,18285.0,52603868.0,2020-09-21,300594
2020-09-22,28.41,28.15,28.67,28.1,13870.0,39315420.0,2020-09-22,300594
2020-09-23,28.17,28.54,29.22,28.17,22912.0,65786200.0,2020-09-23,300594
2020-09-24,28.34,27.59,28.46,27.56,20310.0,56719108.0,2020-09-24,300594
2020-09-25,27.6,27.66,27.87,27.44,10908.0,30131234.0,2020-09-25,300594
2020-09-28,27.73,27.01,27.86,26.95,12577.0,34264224.0,2020-09-28,300594
2020-09-29,26.96,27.49,27.73,26.96,13795.0,37855108.0,2020-09-29,300594
2020-09-30,27.5,27.66,27.77,27.26,7777.0,21429678.0,2020-09-30,300594
2020-10-09,27.93,28.1,28.33,27.85,12378.0,34777836.0,2020-10-09,300594
2020-10-12,28.11,28.72,28.79,28.11,27508.0,78575168.0,2020-10-12,300594
2020-10-13,28.68,28.88,29.15,28.4,22836.0,65775440.0,2020-10-13,300594
2020-10-14,28.63,29.36,29.62,28.63,33037.0,96408976.0,2020-10-14,300594
2020-10-15,29.1,30.27,31.5,29.1,76258.0,231203520.0,2020-10-15,300594
2020-10-16,30.0,30.29,30.64,29.54,43939.0,132059504.0,2020-10-16,300594
2020-10-19,30.06,29.62,30.45,29.61,34711.0,103856416.0,2020-10-19,300594
2020-10-20,29.75,30.52,30.88,29.4,37121.0,112108944.0,2020-10-20,300594
2020-10-21,30.41,30.49,31.13,30.14,40861.0,125340232.0,2020-10-21,300594
2020-10-22,30.31,31.18,31.48,29.88,46552.0,143897440.0,2020-10-22,300594
2020-10-23,31.18,30.62,31.4,30.49,41608.0,128463544.0,2020-10-23,300594
2020-10-26,30.64,30.08,31.13,29.42,41250.0,124850416.0,2020-10-26,300594
2020-10-27,29.87,30.97,32.13,29.77,56530.0,174485808.0,2020-10-27,300594
2020-10-28,31.25,31.85,32.59,30.9,91914.0,291502752.0,2020-10-28,300594
2020-10-29,31.01,30.74,31.29,30.05,51233.0,157759008.0,2020-10-29,300594
2020-10-30,30.78,29.5,31.88,29.5,57943.0,179086416.0,2020-10-30,300594
2020-11-02,29.51,30.01,30.45,29.0,49554.0,146962016.0,2020-11-02,300594
2020-11-03,29.96,30.22,30.4,29.81,35604.0,107036776.0,2020-11-03,300594
2020-11-04,30.23,30.89,30.97,30.08,45925.0,140474208.0,2020-11-04,300594
2020-11-05,31.2,31.27,31.68,30.61,46837.0,146309296.0,2020-11-05,300594
2020-11-06,31.11,31.15,31.45,30.45,41821.0,129286584.0,2020-11-06,300594
2020-11-09,31.47,31.6,31.86,31.25,51312.0,162056816.0,2020-11-09,300594
2020-11-10,31.65,31.07,31.77,30.5,37951.0,117559384.0,2020-11-10,300594
2020-11-11,31.09,30.36,31.09,29.96,27704.0,84091200.0,2020-11-11,300594
2020-11-12,30.25,29.8,30.42,29.73,21722.0,65144580.0,2020-11-12,300594
2020-11-13,29.91,29.88,30.12,29.55,14886.0,44427112.0,2020-11-13,300594
2020-11-16,29.8,30.1,30.11,29.58,13664.0,40746920.0,2020-11-16,300594
2020-11-17,30.0,28.9,30.03,28.6,28541.0,82961528.0,2020-11-17,300594
2020-11-18,28.91,29.15,29.3,28.7,13104.0,38034176.0,2020-11-18,300594
2020-11-19,29.1,29.11,29.28,28.88,10822.0,31499662.0,2020-11-19,300594
2020-11-20,29.1,28.86,29.19,28.7,13778.0,39854212.0,2020-11-20,300594
2020-11-23,28.86,28.55,28.98,28.35,17309.0,49466896.0,2020-11-23,300594
2020-11-24,28.5,28.97,29.27,28.48,15045.0,43588416.0,2020-11-24,300594
2020-11-25,28.91,28.98,29.25,28.51,17633.0,50966960.0,2020-11-25,300594
2020-11-26,28.9,28.11,29.07,28.1,16371.0,46482488.0,2020-11-26,300594
2020-11-27,28.09,28.02,28.35,27.66,13320.0,37236456.0,2020-11-27,300594
2020-11-30,28.05,27.9,28.25,27.9,11065.0,31025088.0,2020-11-30,300594
2020-12-01,27.96,28.28,28.65,27.85,15204.0,42972328.0,2020-12-01,300594
2020-12-02,28.2,28.43,28.45,28.1,11329.0,32064552.0,2020-12-02,300594
2020-12-03,28.31,27.89,28.42,27.88,14010.0,39347996.0,2020-12-03,300594
2020-12-04,27.86,27.43,27.89,27.4,12592.0,34823956.0,2020-12-04,300594
2020-12-07,27.6,27.41,27.6,27.39,8760.0,24061182.0,2020-12-07,300594
2020-12-08,27.42,27.21,27.58,27.21,8547.0,23378324.0,2020-12-08,300594
2020-12-09,27.21,26.5,27.24,26.35,15502.0,41569604.0,2020-12-09,300594
2020-12-10,26.48,26.58,26.88,26.29,9315.0,24762390.0,2020-12-10,300594
2020-12-11,26.76,25.94,26.76,25.56,13162.0,34191112.0,2020-12-11,300594
2020-12-14,25.81,25.99,26.05,25.67,7413.0,19197578.0,2020-12-14,300594
2020-12-15,25.9,25.84,26.16,25.69,6355.0,16433099.0,2020-12-15,300594
2020-12-16,25.83,25.36,25.83,25.24,10485.0,26677954.0,2020-12-16,300594
2020-12-17,25.27,25.51,25.53,24.84,12880.0,32524424.0,2020-12-17,300594
2020-12-18,25.47,25.02,25.7,24.99,12342.0,31184022.0,2020-12-18,300594
2020-12-21,25.47,25.03,25.47,24.91,8439.0,21148408.0,2020-12-21,300594
2020-12-22,25.02,24.6,25.27,24.6,13477.0,33520514.0,2020-12-22,300594
2020-12-23,24.6,24.11,24.7,23.96,15527.0,37522836.0,2020-12-23,300594
2020-12-24,24.11,23.17,24.11,23.1,17347.0,40766716.0,2020-12-24,300594
2020-12-25,23.17,23.48,23.72,23.07,9508.0,22326200.0,2020-12-25,300594
2020-12-28,23.48,22.77,23.64,22.63,15380.0,35324624.0,2020-12-28,300594
2020-12-29,22.78,22.94,23.28,22.78,9952.0,22980694.0,2020-12-29,300594
2020-12-30,22.94,23.23,23.43,22.66,9979.0,23048660.0,2020-12-30,300594
2020-12-31,23.21,23.67,23.85,23.12,11590.0,27359712.0,2020-12-31,300594
2021-01-04,23.69,23.92,24.06,23.67,13434.0,32104852.0,2021-01-04,300594
2021-01-05,24.05,23.77,24.05,23.58,11165.0,26541178.0,2021-01-05,300594
2021-01-06,23.78,23.06,23.88,23.0,12245.0,28545074.0,2021-01-06,300594
2021-01-07,23.16,21.91,23.27,21.75,18551.0,41356748.0,2021-01-07,300594
2021-01-08,21.86,22.1,22.48,21.21,10864.0,23908750.0,2021-01-08,300594
2021-01-11,22.15,21.64,22.65,21.56,9815.0,21688050.0,2021-01-11,300594
2021-01-12,21.37,22.03,22.24,21.37,7974.0,17525550.0,2021-01-12,300594
2021-01-13,22.04,21.59,22.18,21.31,8355.0,18048954.0,2021-01-13,300594
2021-01-14,21.69,23.5,23.73,21.41,32186.0,74659856.0,2021-01-14,300594
2021-01-15,23.49,24.12,24.51,23.06,31675.0,75747392.0,2021-01-15,300594
2021-01-18,23.8,23.75,24.11,23.31,18868.0,44536032.0,2021-01-18,300594
2021-01-19,23.75,23.92,24.05,23.31,15646.0,37135828.0,2021-01-19,300594
2021-01-20,23.73,24.0,24.3,23.58,15578.0,37404724.0,2021-01-20,300594
2021-01-21,23.81,23.82,24.08,23.64,12652.0,30160832.0,2021-01-21,300594
2021-01-22,23.6,23.25,23.91,23.25,9704.0,22747612.0,2021-01-22,300594
2021-01-25,23.09,22.28,23.18,22.22,10085.0,22823132.0,2021-01-25,300594
2021-01-26,22.57,22.31,22.75,22.2,7020.0,15760410.0,2021-01-26,300594
2021-01-27,22.5,22.6,22.88,22.32,8284.0,18752404.0,2021-01-27,300594
2021-01-28,22.66,22.83,23.88,22.63,12400.0,28709320.0,2021-01-28,300594
2021-01-29,22.6,22.35,22.91,21.91,9014.0,20117636.0,2021-01-29,300594
2021-02-01,22.05,22.65,22.78,22.05,6198.0,13977447.0,2021-02-01,300594
2021-02-02,22.45,22.32,22.85,22.25,6232.0,13974458.0,2021-02-02,300594
2021-02-03,22.3,21.7,22.31,21.65,7010.0,15355240.0,2021-02-03,300594
2021-02-04,21.7,21.27,21.7,20.88,7540.0,15993154.0,2021-02-04,300594
2021-02-05,21.43,20.81,21.64,20.81,6298.0,13330597.0,2021-02-05,300594
2021-02-08,20.81,20.52,21.17,20.31,6207.0,12770813.0,2021-02-08,300594
2021-02-09,20.73,21.06,21.1,20.52,4942.0,10279416.0,2021-02-09,300594
2021-02-10,21.07,21.35,21.35,21.02,4922.0,10445999.0,2021-02-10,300594
2021-02-18,21.6,21.76,22.15,21.5,6655.0,14552766.0,2021-02-18,300594
2021-02-19,21.72,22.38,22.42,21.71,7905.0,17481434.0,2021-02-19,300594
2021-02-22,22.98,22.56,23.32,22.56,13213.0,30250104.0,2021-02-22,300594
2021-02-23,22.36,22.61,22.89,22.33,7534.0,17027130.0,2021-02-23,300594
2021-02-24,22.58,22.65,22.9,22.5,6189.0,14086910.0,2021-02-24,300594
2021-02-25,22.85,22.47,22.89,22.34,5546.0,12462165.0,2021-02-25,300594
2021-02-26,22.29,22.67,22.75,22.17,7749.0,17459814.0,2021-02-26,300594
2021-03-01,22.7,23.17,23.2,22.66,7601.0,17535292.0,2021-03-01,300594
2021-03-02,23.22,23.07,23.37,23.01,6627.0,15340170.0,2021-03-02,300594
2021-03-03,22.99,23.18,23.3,22.99,5682.0,13164306.0,2021-03-03,300594
2021-03-04,23.07,22.86,23.25,22.82,6005.0,13816796.0,2021-03-04,300594
2021-03-05,22.71,23.29,23.37,22.71,7661.0,17685868.0,2021-03-05,300594
2021-03-08,23.29,22.92,23.75,22.92,9281.0,21690160.0,2021-03-08,300594
2021-03-09,22.92,22.12,23.05,22.12,10387.0,23275308.0,2021-03-09,300594
2021-03-10,22.37,21.36,22.38,21.29,9837.0,21267608.0,2021-03-10,300594
2021-03-11,21.3,21.68,21.68,21.18,6788.0,14597597.0,2021-03-11,300594
2021-03-12,21.68,21.41,21.73,21.34,7847.0,16832240.0,2021-03-12,300594
2021-03-15,21.4,21.07,21.56,20.91,8883.0,18821464.0,2021-03-15,300594
2021-03-16,21.39,22.15,22.36,21.19,13496.0,29446436.0,2021-03-16,300594
2021-03-17,22.15,23.0,23.07,22.06,14081.0,31926452.0,2021-03-17,300594
2021-03-18,23.18,22.85,23.26,22.81,8912.0,20474530.0,2021-03-18,300594
2021-03-19,22.67,23.09,23.61,22.66,10342.0,24051202.0,2021-03-19,300594
2021-03-22,23.09,23.11,23.34,22.95,9226.0,21340286.0,2021-03-22,300594
2021-03-23,23.04,22.89,23.25,22.82,7844.0,18011716.0,2021-03-23,300594
2021-03-24,22.81,22.97,23.19,22.77,6422.0,14781340.0,2021-03-24,300594
2021-03-25,23.03,22.76,23.03,22.53,7034.0,16000216.0,2021-03-25,300594
2021-03-26,22.94,22.92,23.04,22.61,5634.0,12903443.0,2021-03-26,300594
2021-03-29,22.93,23.06,23.32,22.73,8945.0,20667772.0,2021-03-29,300594
2021-03-30,23.05,22.78,23.13,22.75,7269.0,16643625.0,2021-03-30,300594
2021-03-31,22.6,23.25,23.25,22.6,7577.0,17454706.0,2021-03-31,300594
2021-04-01,23.25,23.01,23.31,22.88,7137.0,16408121.0,2021-04-01,300594
2021-04-02,23.01,23.0,23.17,22.93,5341.0,12302882.0,2021-04-02,300594
2021-04-06,23.01,23.61,23.68,23.01,11693.0,27425384.0,2021-04-06,300594
2021-04-07,23.51,23.97,24.02,23.45,13104.0,31237424.0,2021-04-07,300594
2021-04-08,23.98,24.21,24.36,23.7,17613.0,42458684.0,2021-04-08,300594
2021-04-09,23.0,22.95,23.2,22.44,23656.0,54108304.0,2021-04-09,300594
2021-04-12,22.91,22.11,23.1,21.69,18479.0,41281988.0,2021-04-12,300594
2021-04-13,22.01,21.89,22.1,21.78,8461.0,18557828.0,2021-04-13,300594
2021-04-14,21.82,22.19,22.29,21.63,7395.0,16349440.0,2021-04-14,300594
2021-04-15,22.15,21.93,22.21,21.8,6054.0,13281877.0,2021-04-15,300594
2021-04-16,21.76,22.26,22.3,21.75,5102.0,11310260.0,2021-04-16,300594
2021-04-19,22.27,22.41,22.48,22.26,7220.0,16175236.0,2021-04-19,300594
2021-04-20,22.36,22.19,22.58,22.19,6622.0,14826644.0,2021-04-20,300594
2021-04-21,22.1,22.1,22.35,22.03,4605.0,10221884.0,2021-04-21,300594
2021-04-22,22.19,22.14,22.35,22.06,5322.0,11786993.0,2021-04-22,300594
2021-04-23,22.21,21.79,22.24,21.71,6672.0,14587180.0,2021-04-23,300594
2021-04-26,21.81,21.64,21.89,21.63,5930.0,12888273.0,2021-04-26,300594
2021-04-27,21.64,21.44,21.65,21.06,7506.0,15951641.0,2021-04-27,300594
2021-04-28,20.0,19.25,20.1,18.78,39071.0,74901096.0,2021-04-28,300594
2021-04-29,18.96,18.9,19.18,18.77,9783.0,18550478.0,2021-04-29,300594
2021-04-30,18.96,18.71,19.07,18.66,6964.0,13078059.0,2021-04-30,300594
2021-05-06,18.83,18.5,18.99,18.48,7074.0,13195805.0,2021-05-06,300594
2021-05-07,18.56,18.24,18.61,18.15,7576.0,13831503.0,2021-05-07,300594
2021-05-10,18.35,18.26,18.35,18.16,4645.0,8472010.0,2021-05-10,300594
2021-05-11,18.25,18.49,18.54,18.19,5546.0,10202808.0,2021-05-11,300594
2021-05-12,18.45,18.54,18.56,18.33,4939.0,9107207.0,2021-05-12,300594
2021-05-13,18.42,18.54,18.7,18.42,6190.0,11508718.0,2021-05-13,300594
2021-05-14,18.54,18.66,18.72,18.5,6216.0,11572927.0,2021-05-14,300594
2021-05-17,18.45,18.23,18.45,18.18,9692.0,17732256.0,2021-05-17,300594
2021-05-18,18.23,18.42,18.45,18.15,4889.0,8953892.0,2021-05-18,300594
2021-05-19,18.42,18.44,18.59,18.3,4796.0,8836661.0,2021-05-19,300594
2021-05-20,18.47,18.35,18.52,18.3,4209.0,7735298.5,2021-05-20,300594
2021-05-21,18.31,18.54,18.69,18.31,4861.0,9021352.0,2021-05-21,300594
2021-05-24,18.52,18.58,18.6,18.48,3642.0,6748125.0,2021-05-24,300594
2021-05-25,18.57,18.6,18.74,18.46,4240.0,7872749.0,2021-05-25,300594
2021-05-26,18.56,18.77,18.83,18.52,7503.0,14018471.0,2021-05-26,300594
2021-05-27,18.72,19.06,19.17,18.69,8160.0,15507465.0,2021-05-27,300594
2021-05-28,19.09,18.96,19.15,18.85,5961.0,11313016.0,2021-05-28,300594
2021-05-31,18.81,19.08,19.18,18.81,3849.0,7293087.0,2021-05-31,300594
2021-06-01,19.3,19.46,19.48,19.11,8146.0,15729008.0,2021-06-01,300594
2021-06-02,19.43,19.4,19.89,19.33,9262.0,18134800.0,2021-06-02,300594
2021-06-03,19.15,19.01,19.3,19.01,7174.0,13719201.0,2021-06-03,300594
2021-06-04,19.01,18.9,19.16,18.77,6474.0,12246095.0,2021-06-04,300594
2021-06-07,18.93,18.93,19.17,18.83,4644.0,8793497.0,2021-06-07,300594
2021-06-08,18.96,18.93,18.99,18.78,4859.0,9164610.0,2021-06-08,300594
2021-06-09,18.89,19.08,19.19,18.82,6787.0,12921821.0,2021-06-09,300594
2021-06-10,19.19,19.37,19.48,19.07,7831.0,15109703.0,2021-06-10,300594
2021-06-11,19.5,19.2,19.58,19.16,8960.0,17384504.0,2021-06-11,300594
2021-06-15,19.21,19.39,19.43,19.01,8227.0,15826305.0,2021-06-15,300594
2021-06-16,19.5,19.41,19.7,19.29,8789.0,17166274.0,2021-06-16,300594
2021-06-17,19.4,19.22,19.52,19.03,5210.0,10016469.0,2021-06-17,300594
2021-06-18,19.5,19.36,19.5,19.08,5091.0,9794219.0,2021-06-18,300594
2021-06-21,19.21,19.43,19.57,19.21,5176.0,10056445.0,2021-06-21,300594
2021-06-22,19.21,19.6,19.6,19.21,6342.0,12355460.0,2021-06-22,300594
2021-06-23,19.45,19.35,19.64,19.31,6229.0,12114067.0,2021-06-23,300594
2021-06-24,19.31,19.17,19.39,19.13,5874.0,11301727.0,2021-06-24,300594
2021-06-25,19.1,18.9,19.23,18.66,9366.0,17730720.0,2021-06-25,300594
2021-06-28,18.91,19.98,20.49,18.74,27514.0,54765972.0,2021-06-28,300594
2021-06-29,19.9,19.35,19.9,19.25,14304.0,27903224.0,2021-06-29,300594
2021-06-30,19.3,19.56,19.58,19.19,6666.0,12965819.0,2021-06-30,300594
2021-07-01,19.56,19.18,19.68,19.13,6303.0,12244757.0,2021-07-01,300594
2021-07-02,19.11,19.07,19.34,19.01,5459.0,10438815.0,2021-07-02,300594
2021-07-05,19.0,19.63,19.73,19.0,9385.0,18328932.0,2021-07-05,300594
2021-07-06,19.8,19.78,19.86,19.46,7059.0,13875112.0,2021-07-06,300594
2021-07-07,19.77,19.66,19.88,19.54,5638.0,11092198.0,2021-07-07,300594
2021-07-08,19.78,19.78,19.84,19.53,8264.0,16280108.0,2021-07-08,300594
2021-07-09,19.78,19.77,20.19,19.51,10721.0,21285508.0,2021-07-09,300594
2021-07-12,19.76,20.05,20.07,19.74,9767.0,19484892.0,2021-07-12,300594
2021-07-13,20.05,20.0,20.12,19.83,6324.0,12612833.0,2021-07-13,300594
2021-07-14,20.0,19.48,20.01,19.47,9245.0,18178844.0,2021-07-14,300594
2021-07-15,19.26,18.41,19.35,18.3,20560.0,38277436.0,2021-07-15,300594
2021-07-16,18.33,18.25,18.49,18.2,8314.0,15219603.0,2021-07-16,300594
2021-07-19,18.26,18.04,18.26,17.7,9868.0,17652890.0,2021-07-19,300594
2021-07-20,17.97,18.23,18.29,17.89,5477.0,9917830.0,2021-07-20,300594
2021-07-21,18.35,18.7,18.77,18.06,7864.0,14571906.0,2021-07-21,300594
2021-07-22,18.69,18.75,18.81,18.58,6034.0,11285324.0,2021-07-22,300594
2021-07-23,18.66,18.31,18.69,18.25,8341.0,15351110.0,2021-07-23,300594
2021-07-26,18.2,18.06,18.4,17.68,9032.0,16228283.0,2021-07-26,300594
2021-07-27,18.1,17.96,18.45,17.95,4846.0,8806837.0,2021-07-27,300594
2021-07-28,17.95,17.35,18.02,17.0,7951.0,13881767.0,2021-07-28,300594
2021-07-29,17.55,17.76,17.8,17.39,4581.0,8104656.0,2021-07-29,300594
2021-07-30,17.72,18.29,18.35,17.51,4675.0,8449385.0,2021-07-30,300594
2021-08-02,18.32,18.54,18.65,18.05,7786.0,14377324.0,2021-08-02,300594
2021-08-03,18.49,18.56,18.88,18.49,9771.0,18255148.0,2021-08-03,300594
2021-08-04,18.61,18.82,18.9,18.48,7093.0,13265934.0,2021-08-04,300594
2021-08-05,18.75,18.6,18.82,18.47,5113.0,9523217.0,2021-08-05,300594
2021-08-06,18.68,18.75,18.83,18.46,5035.0,9388365.0,2021-08-06,300594
2021-08-09,18.58,19.04,19.05,18.42,7893.0,14915557.0,2021-08-09,300594
2021-08-10,19.22,20.1,21.0,18.98,31792.0,63998248.0,2021-08-10,300594
2021-08-11,20.6,20.94,22.06,20.6,47378.0,100631112.0,2021-08-11,300594
2021-08-12,20.08,19.85,20.28,19.52,39223.0,78003920.0,2021-08-12,300594
2021-08-13,19.6,20.76,22.0,19.6,44411.0,93047624.0,2021-08-13,300594
2021-08-16,20.28,20.58,21.19,20.02,28157.0,57715764.0,2021-08-16,300594
2021-08-17,20.97,21.71,24.15,20.97,77765.0,176797456.0,2021-08-17,300594
2021-08-18,21.05,22.28,22.67,21.05,65030.0,141000848.0,2021-08-18,300594
2021-08-19,22.06,20.8,22.1,20.7,45932.0,97320896.0,2021-08-19,300594
2021-08-20,20.49,20.19,20.7,19.7,25252.0,50671196.0,2021-08-20,300594
2021-08-23,20.0,20.73,20.75,19.94,19974.0,40985204.0,2021-08-23,300594
2021-08-24,20.61,20.64,21.02,20.37,23787.0,49142460.0,2021-08-24,300594
2021-08-25,20.64,20.28,20.74,20.22,18022.0,36848272.0,2021-08-25,300594
2021-08-26,20.27,19.94,20.85,19.85,19608.0,39928668.0,2021-08-26,300594
2021-08-27,20.0,19.55,20.27,19.18,24342.0,47657892.0,2021-08-27,300594
2021-08-30,19.34,19.61,20.03,19.34,16370.0,32244778.0,2021-08-30,300594
2021-08-31,19.61,19.14,19.61,19.04,16055.0,30773866.0,2021-08-31,300594
2021-09-01,19.13,19.3,19.44,18.69,16571.0,31676440.0,2021-09-01,300594
2021-09-02,19.22,19.15,19.34,18.91,10360.0,19756392.0,2021-09-02,300594
2021-09-03,19.18,19.51,19.68,19.18,11961.0,23287042.0,2021-09-03,300594
2021-09-06,19.5,19.89,19.9,19.43,14168.0,27972472.0,2021-09-06,300594
2021-09-07,19.97,19.78,20.08,19.61,11585.0,22935190.0,2021-09-07,300594
2021-09-08,19.77,19.86,19.92,19.59,10566.0,20843446.0,2021-09-08,300594
2021-09-09,19.79,19.42,19.84,19.38,11514.0,22514888.0,2021-09-09,300594
2021-09-10,19.42,19.13,19.48,19.11,10089.0,19446978.0,2021-09-10,300594
2021-09-13,19.08,19.26,19.34,18.98,7569.0,14474766.0,2021-09-13,300594
2021-09-14,19.26,18.98,19.44,18.88,6991.0,13398658.0,2021-09-14,300594
2021-09-15,19.0,19.14,19.18,18.79,7939.0,15070829.0,2021-09-15,300594
2021-09-16,19.15,19.23,19.5,19.0,8456.0,16331774.0,2021-09-16,300594
2021-09-17,19.29,19.0,19.4,18.74,7836.0,14875130.0,2021-09-17,300594
2021-09-22,18.88,18.8,18.91,18.6,5580.0,10454352.0,2021-09-22,300594
2021-09-23,18.8,19.15,19.23,18.8,6589.0,12579255.0,2021-09-23,300594
2021-09-24,19.23,18.78,19.23,18.7,6187.0,11633655.0,2021-09-24,300594
2021-09-27,18.78,17.95,18.9,17.85,9408.0,17127234.0,2021-09-27,300594
2021-09-28,17.99,18.11,18.15,17.81,3123.0,5635735.5,2021-09-28,300594
2021-09-29,17.99,17.74,18.2,17.72,4945.0,8852802.0,2021-09-29,300594
2021-09-30,17.79,18.25,18.3,17.79,4756.0,8617037.0,2021-09-30,300594
2021-10-08,18.36,18.7,18.82,18.35,5287.0,9846506.0,2021-10-08,300594
2021-10-11,18.71,18.72,18.77,18.45,3993.0,7431416.0,2021-10-11,300594
2021-10-12,18.64,18.46,18.71,18.28,3012.0,5559196.0,2021-10-12,300594
2021-10-13,18.58,18.48,18.58,18.27,3409.0,6280725.0,2021-10-13,300594
2021-10-14,18.47,18.89,18.93,18.32,7290.0,13651789.0,2021-10-14,300594
2021-10-15,18.82,18.59,18.93,18.58,4518.0,8464479.0,2021-10-15,300594
2021-10-18,18.75,18.72,18.81,18.42,3667.0,6817916.0,2021-10-18,300594
2021-10-19,18.66,19.04,19.15,18.58,6314.0,11993643.0,2021-10-19,300594
2021-10-20,18.9,18.83,19.03,18.68,5468.0,10320843.0,2021-10-20,300594
2021-10-21,18.75,18.3,18.79,18.25,4958.0,9169484.0,2021-10-21,300594
2021-10-22,18.4,17.97,18.4,17.9,5422.0,9829416.0,2021-10-22,300594
2021-10-25,18.02,18.23,18.41,18.0,3694.0,6726948.0,2021-10-25,300594
2021-10-26,18.25,17.87,18.28,17.77,5785.0,10425412.0,2021-10-26,300594
2021-10-27,17.87,17.52,18.18,17.42,7148.0,12649885.0,2021-10-27,300594
2021-10-28,16.5,16.0,16.5,15.34,18665.0,29600254.0,2021-10-28,300594
2021-10-29,15.97,16.3,16.38,15.76,9224.0,14871969.0,2021-10-29,300594
2021-11-01,16.36,19.56,19.56,16.08,53190.0,100033656.0,2021-11-01,300594
2021-11-02,20.17,19.65,20.53,19.12,78928.0,155801152.0,2021-11-02,300594
2021-11-03,19.25,20.72,20.88,19.25,84964.0,172166128.0,2021-11-03,300594
2021-11-04,20.7,22.0,24.86,20.7,159388.0,369876896.0,2021-11-04,300594
2021-11-05,21.88,20.03,21.93,19.5,128431.0,260438464.0,2021-11-05,300594
2021-11-08,19.88,19.64,19.88,19.12,61961.0,120571520.0,2021-11-08,300594
2021-11-09,19.51,19.53,19.92,19.21,51734.0,100738856.0,2021-11-09,300594
2021-11-10,19.23,19.25,19.42,18.95,39659.0,75902608.0,2021-11-10,300594
2021-11-11,19.19,19.39,19.52,19.16,32345.0,62481156.0,2021-11-11,300594
2021-11-12,19.37,19.53,19.54,18.84,37818.0,72739720.0,2021-11-12,300594
2021-11-15,19.43,19.5,19.88,19.11,35027.0,67873232.0,2021-11-15,300594
2021-11-16,19.53,18.76,19.73,18.75,34912.0,66827884.0,2021-11-16,300594
2021-11-17,18.74,19.31,19.39,18.45,30610.0,57971092.0,2021-11-17,300594
2021-11-18,19.28,19.46,19.5,19.08,29658.0,57301684.0,2021-11-18,300594
2021-11-19,19.37,19.27,19.65,19.23,27426.0,53187900.0,2021-11-19,300594
2021-11-22,19.31,20.3,21.15,19.13,65205.0,131149000.0,2021-11-22,300594
2021-11-23,20.16,20.22,20.43,19.9,37991.0,76588088.0,2021-11-23,300594
2021-11-24,20.19,19.99,20.21,19.81,23090.0,46080376.0,2021-11-24,300594
2021-11-25,20.16,19.71,20.25,19.68,20576.0,40901108.0,2021-11-25,300594
2021-11-26,19.67,19.5,19.77,19.31,19459.0,37955388.0,2021-11-26,300594
2021-11-29,19.18,19.37,19.58,19.01,13018.0,25149686.0,2021-11-29,300594
2021-11-30,19.27,19.59,20.0,19.27,21059.0,41461084.0,2021-11-30,300594
2021-12-01,19.6,20.02,20.07,19.5,24244.0,48326072.0,2021-12-01,300594
2021-12-02,20.18,20.3,20.38,19.66,44827.0,90249096.0,2021-12-02,300594
2021-12-03,20.7,20.3,21.19,20.01,48383.0,99581072.0,2021-12-03,300594
2021-12-06,20.31,21.16,21.3,20.05,62364.0,129633936.0,2021-12-06,300594
2021-12-07,21.77,20.19,22.33,20.03,58032.0,121875072.0,2021-12-07,300594
2021-12-08,19.96,20.3,21.29,19.9,41049.0,84517232.0,2021-12-08,300594
2021-12-09,20.33,20.99,21.3,20.33,47617.0,99348832.0,2021-12-09,300594
2021-12-10,20.69,20.39,20.97,20.34,30838.0,63505304.0,2021-12-10,300594
2021-12-13,20.26,19.77,20.53,19.41,36687.0,72558616.0,2021-12-13,300594
2021-12-14,19.78,20.07,20.3,19.61,22571.0,45095040.0,2021-12-14,300594
2021-12-15,20.09,20.78,20.84,19.92,29366.0,60253180.0,2021-12-15,300594
2021-12-16,20.8,20.61,20.89,20.4,20696.0,42680548.0,2021-12-16,300594
2021-12-17,20.54,20.46,20.63,20.21,16217.0,33092036.0,2021-12-17,300594
2021-12-20,20.39,19.84,20.56,19.74,19094.0,38406336.0,2021-12-20,300594
2021-12-21,19.79,20.2,20.23,19.76,13409.0,26833332.0,2021-12-21,300594
2021-12-22,20.28,19.81,20.28,19.74,16258.0,32355360.0,2021-12-22,300594
2021-12-23,20.05,19.41,20.05,19.4,16247.0,31859268.0,2021-12-23,300594
2021-12-24,19.47,18.39,19.5,18.28,27127.0,51029940.0,2021-12-24,300594
2021-12-27,18.41,18.61,18.85,18.3,11934.0,22139342.0,2021-12-27,300594
2021-12-28,18.81,18.65,18.96,18.54,9381.0,17549378.0,2021-12-28,300594
2021-12-29,18.65,18.77,18.89,18.31,10011.0,18685204.0,2021-12-29,300594
2021-12-30,18.74,18.92,19.01,18.54,9297.0,17555092.0,2021-12-30,300594
2021-12-31,19.0,18.95,19.1,18.85,9981.0,18925564.0,2021-12-31,300594
2022-01-04,19.0,19.31,19.33,18.89,11600.0,22249390.0,2022-01-04,300594
2022-01-05,19.31,18.9,19.31,18.73,10946.0,20761630.0,2022-01-05,300594
2022-01-06,18.9,19.07,19.28,18.83,11691.0,22248860.0,2022-01-06,300594
2022-01-07,19.07,18.53,19.24,18.53,11342.0,21370998.0,2022-01-07,300594
2022-01-10,18.55,18.9,18.96,18.33,7536.0,14120074.0,2022-01-10,300594
2022-01-11,18.9,18.81,19.19,18.76,7189.0,13651715.0,2022-01-11,300594
2022-01-12,18.88,19.33,19.36,18.88,11791.0,22637870.0,2022-01-12,300594
2022-01-13,19.26,19.12,19.45,19.03,8044.0,15443900.0,2022-01-13,300594
2022-01-14,19.0,18.79,19.25,18.65,11378.0,21503856.0,2022-01-14,300594
2022-01-17,18.79,19.33,19.36,18.78,13283.0,25455706.0,2022-01-17,300594
2022-01-18,19.46,18.86,19.46,18.83,13881.0,26419336.0,2022-01-18,300594
2022-01-19,18.83,19.35,19.64,18.8,17983.0,34802304.0,2022-01-19,300594
2022-01-20,19.24,18.6,19.54,18.57,22020.0,41674148.0,2022-01-20,300594
2022-01-21,18.39,18.55,18.79,18.29,9532.0,17610112.0,2022-01-21,300594
2022-01-24,18.55,18.53,18.76,18.16,8229.0,15259853.0,2022-01-24,300594
2022-01-25,18.36,17.23,18.49,17.18,19006.0,33671752.0,2022-01-25,300594
2022-01-26,17.46,17.5,17.79,17.35,9069.0,15933465.0,2022-01-26,300594
2022-01-27,17.4,17.16,17.49,17.07,11221.0,19370720.0,2022-01-27,300594
2022-01-28,17.39,17.57,17.75,17.23,6877.0,12049008.0,2022-01-28,300594
2022-02-07,17.87,17.86,18.0,17.56,6376.0,11369592.0,2022-02-07,300594
2022-02-08,17.8,18.25,18.25,17.8,7122.0,12888816.0,2022-02-08,300594
2022-02-09,18.25,18.35,18.42,18.16,9788.0,17904442.0,2022-02-09,300594
2022-02-10,18.43,18.23,18.49,18.1,7734.0,14076149.0,2022-02-10,300594
2022-02-11,18.2,17.75,18.22,17.66,6932.0,12380623.0,2022-02-11,300594
2022-02-14,17.51,17.86,18.05,17.51,4377.0,7844453.0,2022-02-14,300594
2022-02-15,17.87,17.81,18.07,17.61,4578.0,8147175.0,2022-02-15,300594
2022-02-16,17.86,18.16,18.21,17.81,7337.0,13248073.0,2022-02-16,300594
2022-02-17,18.13,18.05,18.3,18.0,7209.0,13094506.0,2022-02-17,300594
2022-02-18,18.13,18.55,18.68,18.07,13017.0,23962268.0,2022-02-18,300594
2022-02-21,19.28,19.8,19.95,18.9,44767.0,87558752.0,2022-02-21,300594
2022-02-22,19.61,19.88,20.31,19.49,42058.0,83737336.0,2022-02-22,300594
2022-02-23,19.75,20.8,20.86,19.53,58917.0,120313104.0,2022-02-23,300594
2022-02-24,20.7,20.2,21.66,19.92,62116.0,129351144.0,2022-02-24,300594
2022-02-25,20.01,20.0,20.88,19.91,29655.0,60153176.0,2022-02-25,300594
2022-02-28,19.92,19.74,20.0,19.33,23592.0,46333580.0,2022-02-28,300594
2022-03-01,19.86,20.56,20.86,19.55,35146.0,71395832.0,2022-03-01,300594
2022-03-02,20.29,20.95,21.08,20.08,33089.0,68127440.0,2022-03-02,300594
2022-03-03,20.9,20.39,20.9,20.21,20704.0,42306512.0,2022-03-03,300594
2022-03-04,20.74,19.84,20.74,19.72,16800.0,33571108.0,2022-03-04,300594
2022-03-07,19.94,19.41,20.01,19.17,16897.0,32850084.0,2022-03-07,300594
2022-03-08,19.42,18.95,19.58,18.75,12773.0,24491880.0,2022-03-08,300594
2022-03-09,18.81,18.62,19.17,17.63,20814.0,38212816.0,2022-03-09,300594
2022-03-10,19.0,18.62,19.18,18.53,14554.0,27480770.0,2022-03-10,300594
2022-03-11,18.36,18.53,18.66,17.95,14169.0,25840938.0,2022-03-11,300594
2022-03-14,18.58,17.61,18.58,17.61,15278.0,27441104.0,2022-03-14,300594
2022-03-15,17.52,16.59,17.59,16.52,18606.0,31758820.0,2022-03-15,300594
2022-03-16,16.99,16.96,17.15,16.41,14578.0,24505708.0,2022-03-16,300594
2022-03-17,17.18,17.15,17.39,16.96,17450.0,29970340.0,2022-03-17,300594
2022-03-18,17.4,18.26,18.79,17.4,37408.0,67985104.0,2022-03-18,300594
2022-03-21,18.38,18.09,18.39,17.9,20589.0,37135220.0,2022-03-21,300594
2022-03-22,18.32,18.6,19.24,18.11,34162.0,64411856.0,2022-03-22,300594
2022-03-23,18.79,18.3,18.95,18.12,18262.0,33526336.0,2022-03-23,300594
2022-03-24,18.22,17.96,18.4,17.96,13946.0,25311614.0,2022-03-24,300594
2022-03-25,18.02,17.82,18.24,17.82,9355.0,16879976.0,2022-03-25,300594
2022-03-28,17.77,17.73,17.96,17.54,7762.0,13747404.0,2022-03-28,300594
2022-03-29,17.91,17.25,17.91,17.15,9255.0,16107511.0,2022-03-29,300594
2022-03-30,17.32,17.39,17.39,17.01,8629.0,14918256.0,2022-03-30,300594
2022-03-31,17.38,17.38,17.54,17.23,7690.0,13391397.0,2022-03-31,300594
2022-04-01,17.35,17.07,17.35,17.03,7746.0,13252159.0,2022-04-01,300594
2022-04-06,17.08,17.33,17.58,17.08,10787.0,18754816.0,2022-04-06,300594
2022-04-07,17.38,16.78,17.38,16.76,11362.0,19277768.0,2022-04-07,300594
2022-04-08,16.78,16.56,16.94,16.42,8227.0,13652661.0,2022-04-08,300594
2022-04-11,16.7,16.08,16.7,15.91,10231.0,16605567.0,2022-04-11,300594
2022-04-12,16.03,16.43,16.46,15.94,7224.0,11729964.0,2022-04-12,300594
2022-04-13,16.4,16.0,16.4,16.0,6681.0,10809551.0,2022-04-13,300594
2022-04-14,16.05,16.01,16.32,15.99,6250.0,10084499.0,2022-04-14,300594
2022-04-15,15.98,15.72,15.98,15.4,14455.0,22640588.0,2022-04-15,300594
2022-04-18,15.6,16.09,16.28,15.46,9996.0,15928459.0,2022-04-18,300594
2022-04-19,16.07,16.27,16.29,15.97,9224.0,14890816.0,2022-04-19,300594
2022-04-20,16.28,16.17,16.44,16.03,5955.0,9665740.0,2022-04-20,300594
2022-04-21,16.16,15.66,16.32,15.66,8663.0,13879358.0,2022-04-21,300594
2022-04-22,15.6,15.7,15.95,15.5,6938.0,10926321.0,2022-04-22,300594
2022-04-25,15.66,14.51,15.66,14.5,11119.0,16615596.0,2022-04-25,300594
2022-04-26,14.48,13.64,14.6,13.57,11902.0,16779488.0,2022-04-26,300594
2022-04-27,13.4,13.98,14.08,13.07,13049.0,17634826.0,2022-04-27,300594
2022-04-28,13.7,13.35,13.99,13.19,12076.0,16310971.0,2022-04-28,300594
2022-04-29,13.51,14.24,14.4,13.51,10234.0,14361974.0,2022-04-29,300594
2022-05-05,14.24,14.4,14.54,14.04,6863.0,9863983.0,2022-05-05,300594
2022-05-06,14.1,14.42,14.54,13.88,6880.0,9842200.0,2022-05-06,300594
2022-05-09,14.69,14.71,14.94,14.29,5294.0,7812409.0,2022-05-09,300594
2022-05-10,14.61,15.58,15.69,14.44,13760.0,20995072.0,2022-05-10,300594
2022-05-11,15.57,15.32,15.87,15.3,11541.0,17890592.0,2022-05-11,300594
2022-05-12,15.16,15.38,15.53,15.16,8433.0,12939819.0,2022-05-12,300594
2022-05-13,15.4,15.47,15.59,15.21,4657.0,7184727.0,2022-05-13,300594
2022-05-16,15.62,15.45,15.68,15.12,5404.0,8351537.0,2022-05-16,300594
2022-05-17,15.27,15.36,15.51,15.05,4998.0,7641123.0,2022-05-17,300594
2022-05-18,15.31,15.5,15.66,15.31,7197.0,11153940.0,2022-05-18,300594
2022-05-19,15.3,15.54,15.59,15.3,5305.0,8215575.5,2022-05-19,300594
2022-05-20,15.57,15.59,15.74,15.49,5228.0,8149936.0,2022-05-20,300594
2022-05-23,15.59,15.76,15.81,15.5,4744.0,7443427.0,2022-05-23,300594
2022-05-24,16.02,15.08,16.07,15.03,10223.0,15809787.0,2022-05-24,300594
2022-05-25,14.95,15.47,15.53,14.95,6429.0,9892370.0,2022-05-25,300594
2022-05-26,15.51,15.71,15.73,15.26,7394.0,11513269.0,2022-05-26,300594
2022-05-27,15.79,15.73,15.9,15.56,5433.0,8546291.0,2022-05-27,300594
2022-05-30,15.63,15.76,15.76,15.54,4034.0,6321733.0,2022-05-30,300594
2022-05-31,15.81,15.85,15.95,15.47,7074.0,11162906.0,2022-05-31,300594
2022-06-01,16.0,16.2,16.2,15.75,11378.0,18264320.0,2022-06-01,300594
2022-06-02,16.58,16.46,16.58,15.94,13258.0,21537476.0,2022-06-02,300594
2022-06-06,16.61,16.52,16.7,16.45,12338.0,20440852.0,2022-06-06,300594
2022-06-07,16.48,16.19,16.52,16.14,8775.0,14269290.0,2022-06-07,300594
2022-06-08,16.01,16.11,16.29,15.72,7440.0,11925833.0,2022-06-08,300594
2022-06-09,16.09,15.65,16.15,15.61,7257.0,11440829.0,2022-06-09,300594
2022-06-10,15.51,15.8,15.95,15.5,6804.0,10724019.0,2022-06-10,300594
2022-06-13,15.82,15.78,15.94,15.6,6640.0,10468891.0,2022-06-13,300594
2022-06-14,15.52,15.66,15.69,15.25,8367.0,12922416.0,2022-06-14,300594
2022-06-15,15.87,15.7,16.03,15.65,8124.0,12883866.0,2022-06-15,300594
2022-06-16,15.55,15.71,15.97,15.51,5678.0,8951612.0,2022-06-16,300594
2022-06-17,15.65,16.22,16.5,15.43,14625.0,23482004.0,2022-06-17,300594
2022-06-20,16.46,17.12,17.2,16.3,33916.0,57410116.0,2022-06-20,300594
2022-06-21,17.0,16.95,17.33,16.82,21788.0,37124280.0,2022-06-21,300594
2022-06-22,16.96,16.88,17.28,16.75,13727.0,23401840.0,2022-06-22,300594
2022-06-23,16.88,17.33,17.34,16.75,15441.0,26522690.0,2022-06-23,300594
2022-06-24,17.39,17.51,17.74,17.18,17925.0,31419724.0,2022-06-24,300594
2022-06-27,17.65,17.39,17.8,17.21,12255.0,21327610.0,2022-06-27,300594
2022-06-28,17.39,17.66,17.79,17.22,11755.0,20699636.0,2022-06-28,300594
2022-06-29,17.65,17.09,17.73,17.08,10651.0,18409722.0,2022-06-29,300594
2022-06-30,17.1,17.0,17.38,17.0,8138.0,13964492.0,2022-06-30,300594
2022-07-01,17.02,16.84,17.35,16.8,8364.0,14153454.0,2022-07-01,300594
2022-07-04,17.01,16.74,17.01,16.61,6948.0,11602898.0,2022-07-04,300594
2022-07-05,16.74,16.58,16.89,16.38,8566.0,14202940.0,2022-07-05,300594
2022-07-06,16.57,16.63,16.74,16.31,7769.0,12837346.0,2022-07-06,300594
2022-07-07,16.63,16.95,16.95,16.57,7283.0,12254268.0,2022-07-07,300594
2022-07-08,16.95,17.08,17.38,16.84,8237.0,14125212.0,2022-07-08,300594
2022-07-11,17.0,16.76,17.12,16.63,6213.0,10455593.0,2022-07-11,300594
2022-07-12,16.79,16.31,16.79,16.22,8071.0,13268432.0,2022-07-12,300594
2022-07-13,16.36,16.78,16.8,16.2,6843.0,11369904.0,2022-07-13,300594
2022-07-14,16.76,17.2,17.3,16.66,8022.0,13703911.0,2022-07-14,300594
2022-07-15,17.07,17.01,17.57,16.82,11650.0,19958218.0,2022-07-15,300594
2022-07-18,16.4,16.98,17.27,16.01,15935.0,27039506.0,2022-07-18,300594
2022-07-19,17.14,16.97,17.38,16.85,11919.0,20319948.0,2022-07-19,300594
2022-07-20,16.97,17.04,17.24,16.83,8098.0,13791243.0,2022-07-20,300594
2022-07-21,17.05,16.86,17.24,16.86,8510.0,14458398.0,2022-07-21,300594
2022-07-22,16.93,17.25,17.32,16.9,11542.0,19838692.0,2022-07-22,300594
2022-07-25,17.26,17.11,17.49,16.99,7125.0,12269442.0,2022-07-25,300594
2022-07-26,17.05,17.21,17.24,16.67,9407.0,15958656.0,2022-07-26,300594
2022-07-27,17.19,17.5,17.53,17.06,8678.0,15082333.0,2022-07-27,300594
2022-07-28,17.57,17.95,18.15,17.49,16966.0,30434622.0,2022-07-28,300594
2022-07-29,17.9,18.53,19.28,17.82,32475.0,60422808.0,2022-07-29,300594
2022-08-01,18.48,18.31,18.71,18.01,20161.0,36819908.0,2022-08-01,300594
2022-08-02,18.02,17.48,18.23,17.19,21903.0,38458848.0,2022-08-02,300594
2022-08-03,17.77,17.4,18.01,17.33,13128.0,23236212.0,2022-08-03,300594
2022-08-04,17.52,17.69,17.77,17.34,9178.0,16123518.0,2022-08-04,300594
2022-08-05,17.62,17.65,17.7,17.4,10377.0,18170894.0,2022-08-05,300594
2022-08-08,17.63,17.9,17.99,17.37,9344.0,16599280.0,2022-08-08,300594
2022-08-09,17.9,18.34,18.4,17.76,12450.0,22661424.0,2022-08-09,300594
2022-08-10,18.33,19.19,19.26,18.16,25216.0,47543752.0,2022-08-10,300594
2022-08-11,19.9,19.69,21.0,19.61,71041.0,142447536.0,2022-08-11,300594
2022-08-12,19.5,18.83,19.7,18.83,49158.0,94264000.0,2022-08-12,300594
2022-08-15,18.84,19.31,19.85,18.75,31592.0,60548144.0,2022-08-15,300594
2022-08-16,19.11,19.45,20.15,19.1,26872.0,52712600.0,2022-08-16,300594
2022-08-17,19.3,19.29,19.78,19.27,20793.0,40393684.0,2022-08-17,300594
2022-08-18,19.32,20.06,20.73,19.32,57959.0,117393792.0,2022-08-18,300594
2022-08-19,20.07,19.1,20.27,19.1,44315.0,86597024.0,2022-08-19,300594
2022-08-22,19.1,19.02,19.6,18.94,20400.0,39206220.0,2022-08-22,300594
2022-08-23,19.03,19.43,19.74,18.8,21673.0,41596708.0,2022-08-23,300594
2022-08-24,19.6,18.96,20.27,18.89,41817.0,82004336.0,2022-08-24,300594
2022-08-25,19.21,18.37,19.36,18.1,26823.0,49631600.0,2022-08-25,300594
2022-08-26,18.38,18.39,19.14,18.25,17676.0,32968830.0,2022-08-26,300594
2022-08-29,17.8,18.63,18.83,17.69,18525.0,34056784.0,2022-08-29,300594
2022-08-30,18.58,18.14,19.18,18.0,21012.0,38737052.0,2022-08-30,300594
2022-08-31,18.11,16.99,18.2,16.92,22796.0,39540392.0,2022-08-31,300594
2022-09-01,17.2,16.92,17.49,16.83,12826.0,21928564.0,2022-09-01,300594
2022-09-02,17.0,17.11,17.29,16.77,10376.0,17679256.0,2022-09-02,300594
2022-09-05,17.32,17.19,17.53,17.03,10420.0,17986980.0,2022-09-05,300594
2022-09-06,17.18,17.2,17.35,16.91,11254.0,19309834.0,2022-09-06,300594
2022-09-07,17.2,17.1,17.36,17.01,9624.0,16560166.0,2022-09-07,300594
2022-09-08,17.1,16.81,17.28,16.75,12907.0,21807696.0,2022-09-08,300594
2022-09-09,16.81,16.57,16.92,16.5,9706.0,16138611.0,2022-09-09,300594
2022-09-13,16.65,16.73,16.98,16.6,7915.0,13277459.0,2022-09-13,300594
2022-09-14,16.51,16.61,16.7,16.35,7191.0,11879741.0,2022-09-14,300594
2022-09-15,16.67,16.17,16.79,15.91,10497.0,17033768.0,2022-09-15,300594
2022-09-16,16.25,15.75,16.25,15.74,9044.0,14392614.0,2022-09-16,300594
2022-09-19,15.6,15.47,15.75,15.31,8183.0,12658010.0,2022-09-19,300594
2022-09-20,15.5,15.7,15.8,15.5,6349.0,9915849.0,2022-09-20,300594
2022-09-21,15.7,15.85,15.98,15.4,5819.0,9158737.0,2022-09-21,300594
2022-09-22,15.72,15.84,16.01,15.72,5361.0,8531012.0,2022-09-22,300594
2022-09-23,15.85,15.8,16.05,15.45,8048.0,12625431.0,2022-09-23,300594
2022-09-26,15.77,16.17,16.39,15.55,20290.0,32627588.0,2022-09-26,300594
2022-09-27,16.17,16.24,16.52,15.97,19221.0,31203758.0,2022-09-27,300594
2022-09-28,16.15,16.31,16.78,15.98,23999.0,39397556.0,2022-09-28,300594
2022-09-29,16.31,15.65,16.35,15.63,18710.0,29713048.0,2022-09-29,300594
2022-09-30,15.6,15.18,15.74,15.18,12428.0,19053978.0,2022-09-30,300594
2022-10-10,15.09,15.05,15.23,14.92,7895.0,11881944.0,2022-10-10,300594
2022-10-11,15.04,15.08,15.39,14.75,5388.0,8104918.0,2022-10-11,300594
2022-10-12,15.08,15.37,15.39,14.81,6145.0,9273024.0,2022-10-12,300594
2022-10-13,15.3,15.51,15.65,15.0,7307.0,11303742.0,2022-10-13,300594
2022-10-14,15.68,15.74,15.88,15.48,7904.0,12448960.0,2022-10-14,300594
2022-10-17,15.7,16.04,16.09,15.56,6737.0,10735562.0,2022-10-17,300594
2022-10-18,16.1,16.86,17.25,15.96,23162.0,38546084.0,2022-10-18,300594
2022-10-19,16.72,16.5,16.95,16.49,18099.0,30211560.0,2022-10-19,300594
2022-10-20,16.44,16.06,16.51,16.01,13263.0,21514118.0,2022-10-20,300594
2022-10-21,16.09,16.16,16.36,16.06,7387.0,11983950.0,2022-10-21,300594
2022-10-24,16.47,15.92,16.51,15.87,8320.0,13510010.0,2022-10-24,300594
2022-10-25,15.92,16.02,16.08,15.6,7284.0,11553445.0,2022-10-25,300594
2022-10-26,15.9,16.06,16.29,15.66,12127.0,19451432.0,2022-10-26,300594
2022-10-27,16.09,16.06,16.48,16.01,12051.0,19533504.0,2022-10-27,300594
2022-10-28,16.06,15.22,16.15,15.18,10929.0,17006024.0,2022-10-28,300594
2022-10-31,15.46,15.48,15.61,15.0,6164.0,9537014.0,2022-10-31,300594
2022-11-01,15.5,15.92,15.94,15.4,6676.0,10551903.0,2022-11-01,300594
2022-11-02,16.01,15.94,16.2,15.88,8415.0,13453826.0,2022-11-02,300594
2022-11-03,15.91,16.06,16.13,15.74,9308.0,14914814.0,2022-11-03,300594
2022-11-04,16.07,16.18,16.25,15.96,8146.0,13166422.0,2022-11-04,300594
2022-11-07,16.3,16.3,16.66,16.14,11727.0,19185862.0,2022-11-07,300594
2022-11-08,16.28,16.37,16.37,16.1,7812.0,12712355.0,2022-11-08,300594
2022-11-09,16.34,16.36,16.48,16.22,6075.0,9943848.0,2022-11-09,300594
2022-11-10,16.37,16.18,16.65,16.15,10126.0,16527303.0,2022-11-10,300594
2022-11-11,16.45,16.3,16.6,16.21,11802.0,19358046.0,2022-11-11,300594
2022-11-14,16.28,16.15,16.5,16.1,7622.0,12401915.0,2022-11-14,300594
2022-11-15,16.27,16.91,17.33,16.14,28902.0,48784024.0,2022-11-15,300594
2022-11-16,17.08,17.6,18.09,16.8,43373.0,76699088.0,2022-11-16,300594
2022-11-17,17.71,17.58,17.85,17.3,22015.0,38617496.0,2022-11-17,300594
2022-11-18,17.7,17.82,18.3,17.51,30187.0,54227644.0,2022-11-18,300594
2022-11-21,17.71,17.49,17.98,17.31,13970.0,24438376.0,2022-11-21,300594
2022-11-22,17.47,17.48,18.01,17.17,15811.0,28018420.0,2022-11-22,300594
2022-11-23,17.39,17.35,18.38,17.1,23607.0,41568740.0,2022-11-23,300594
2022-11-24,17.7,17.22,17.7,17.02,15354.0,26524808.0,2022-11-24,300594
2022-11-25,17.16,18.02,18.21,16.95,42187.0,75130312.0,2022-11-25,300594
2022-11-28,17.95,20.02,20.2,17.6,95974.0,187200784.0,2022-11-28,300594
2022-11-29,20.5,19.58,20.7,19.35,62620.0,123768584.0,2022-11-29,300594
2022-11-30,20.33,20.0,21.25,20.0,85539.0,177737536.0,2022-11-30,300594
2022-12-01,20.01,21.7,22.24,19.8,100777.0,212919904.0,2022-12-01,300594
2022-12-02,21.9,22.14,23.16,21.72,83680.0,187564448.0,2022-12-02,300594
2022-12-05,22.07,21.23,22.78,21.06,70324.0,152420672.0,2022-12-05,300594
2022-12-06,21.01,21.5,22.29,20.66,52931.0,114252152.0,2022-12-06,300594
2022-12-07,21.51,21.24,21.9,21.1,38532.0,82300800.0,2022-12-07,300594
2022-12-08,21.12,20.82,21.58,20.45,50986.0,106566240.0,2022-12-08,300594
2022-12-09,20.96,20.99,21.35,20.67,31091.0,65270140.0,2022-12-09,300594
2022-12-12,21.12,20.85,21.12,20.35,30155.0,62244884.0,2022-12-12,300594
2022-12-13,20.52,20.23,20.9,19.8,29064.0,59132448.0,2022-12-13,300594
2022-12-14,20.55,19.38,20.55,19.3,25629.0,50582824.0,2022-12-14,300594
2022-12-15,19.3,19.66,19.91,19.3,18023.0,35442568.0,2022-12-15,300594
2022-12-16,19.6,18.66,19.7,18.5,29239.0,55313976.0,2022-12-16,300594
2022-12-19,18.94,18.31,18.94,18.0,23952.0,43709604.0,2022-12-19,300594
2022-12-20,18.13,18.14,18.48,18.07,12552.0,22834676.0,2022-12-20,300594
2022-12-21,18.14,17.75,18.14,17.64,16846.0,30012228.0,2022-12-21,300594
2022-12-22,18.08,17.42,18.1,17.3,16593.0,29132812.0,2022-12-22,300594
2022-12-23,17.57,16.94,17.57,16.84,16406.0,27969888.0,2022-12-23,300594
2022-12-26,17.25,17.71,17.93,16.9,26994.0,47291904.0,2022-12-26,300594
2022-12-27,17.79,17.85,18.3,17.44,22134.0,39269436.0,2022-12-27,300594
2022-12-28,17.74,17.31,17.95,17.1,21443.0,37201072.0,2022-12-28,300594
2022-12-29,17.57,17.25,17.57,17.14,11554.0,19947694.0,2022-12-29,300594
2022-12-30,17.32,17.19,17.46,16.98,13461.0,23114484.0,2022-12-30,300594
2023-01-03,17.2,17.98,18.26,17.11,21811.0,38826220.0,2023-01-03,300594
2023-01-04,18.16,19.25,19.77,18.03,46184.0,87876432.0,2023-01-04,300594
2023-01-05,19.25,19.34,19.53,18.8,25524.0,48893888.0,2023-01-05,300594
2023-01-06,19.15,20.16,20.7,19.14,44089.0,88589728.0,2023-01-06,300594
2023-01-09,20.16,20.55,21.17,20.0,34603.0,70959544.0,2023-01-09,300594
2023-01-10,20.99,24.07,24.25,20.0,109328.0,248291904.0,2023-01-10,300594
2023-01-11,24.0,22.28,24.08,21.79,86170.0,193459200.0,2023-01-11,300594
2023-01-12,22.0,21.14,22.0,20.91,53084.0,113238816.0,2023-01-12,300594
2023-01-13,21.29,21.11,21.54,20.7,41679.0,87894632.0,2023-01-13,300594
2023-01-16,21.29,21.38,21.72,21.0,30790.0,65756520.0,2023-01-16,300594
2023-01-17,21.38,20.57,21.55,20.38,31296.0,65389448.0,2023-01-17,300594
2023-01-18,20.62,20.64,20.76,20.1,24009.0,49006532.0,2023-01-18,300594
2023-01-19,20.7,20.35,20.7,20.16,15449.0,31378518.0,2023-01-19,300594
2023-01-20,20.6,21.15,21.3,20.22,30384.0,63254312.0,2023-01-20,300594
2023-01-30,21.65,21.4,21.95,21.26,33028.0,71229752.0,2023-01-30,300594
2023-01-31,21.56,21.5,21.86,21.16,23398.0,50280256.0,2023-01-31,300594
2023-02-01,21.5,21.93,22.38,21.2,33282.0,72789088.0,2023-02-01,300594
2023-02-02,22.15,22.65,22.98,21.97,32389.0,73279072.0,2023-02-02,300594
2023-02-03,22.66,22.26,22.86,21.9,30037.0,66766936.0,2023-02-03,300594
2023-02-06,22.26,22.0,22.49,21.8,21661.0,47858816.0,2023-02-06,300594
2023-02-07,21.99,22.15,22.2,21.7,12249.0,26944784.0,2023-02-07,300594
2023-02-08,21.9,22.3,22.58,21.89,11369.0,25197824.0,2023-02-08,300594
2023-02-09,22.1,23.11,23.39,21.94,24766.0,56663496.0,2023-02-09,300594
2023-02-10,23.15,23.4,23.8,22.82,18314.0,42581736.0,2023-02-10,300594
2023-02-13,23.51,24.4,24.71,23.29,26428.0,63865704.0,2023-02-13,300594
2023-02-14,24.51,26.62,27.51,24.23,67446.0,177351920.0,2023-02-14,300594
2023-02-15,26.63,27.2,27.85,26.22,49259.0,133168040.0,2023-02-15,300594
2023-02-16,26.7,24.02,27.05,23.9,68636.0,172431056.0,2023-02-16,300594
2023-02-17,24.16,23.25,24.56,23.25,33881.0,80953248.0,2023-02-17,300594
2023-02-20,23.72,23.45,23.72,22.88,25526.0,59541324.0,2023-02-20,300594
2023-02-21,23.65,23.15,23.65,22.95,21477.0,49616928.0,2023-02-21,300594
2023-02-22,23.01,23.61,24.15,22.87,28896.0,68163728.0,2023-02-22,300594
2023-02-23,24.0,24.92,24.92,23.52,39943.0,97521488.0,2023-02-23,300594
2023-02-24,24.6,24.27,25.12,23.93,31050.0,75474320.0,2023-02-24,300594
2023-02-27,24.08,24.04,24.4,23.6,20044.0,48024304.0,2023-02-27,300594
2023-02-28,24.2,23.74,24.5,23.5,20812.0,49753512.0,2023-02-28,300594
2023-03-01,23.79,23.28,23.79,22.9,26202.0,60717560.0,2023-03-01,300594
2023-03-02,23.41,22.59,23.59,22.54,18340.0,42097368.0,2023-03-02,300594
2023-03-03,22.51,22.26,22.88,22.1,18464.0,41345144.0,2023-03-03,300594
2023-03-06,22.98,22.9,23.43,22.22,35384.0,80898928.0,2023-03-06,300594
2023-03-07,22.91,22.15,22.96,22.04,18635.0,41954796.0,2023-03-07,300594
2023-03-08,22.15,22.33,22.54,21.91,15052.0,33446016.0,2023-03-08,300594
2023-03-09,22.59,22.5,22.88,22.11,13070.0,29399176.0,2023-03-09,300594
2023-03-10,22.44,21.8,22.51,21.7,15215.0,33357224.0,2023-03-10,300594
2023-03-13,21.8,21.24,22.51,21.16,22751.0,49124088.0,2023-03-13,300594
2023-03-14,21.36,21.95,22.08,20.6,33334.0,71139920.0,2023-03-14,300594
2023-03-15,22.0,22.68,23.58,21.85,27287.0,62497292.0,2023-03-15,300594
2023-03-16,22.54,21.14,22.86,21.08,26570.0,57674220.0,2023-03-16,300594
2023-03-17,21.23,20.55,21.5,20.35,27347.0,56845208.0,2023-03-17,300594
2023-03-20,20.58,21.13,21.47,20.2,23377.0,48936832.0,2023-03-20,300594
2023-03-21,21.1,21.25,21.54,20.5,18096.0,38011604.0,2023-03-21,300594
2023-03-22,21.38,21.5,22.3,21.25,20695.0,44985108.0,2023-03-22,300594
2023-03-23,21.5,20.9,21.64,20.8,19202.0,40483192.0,2023-03-23,300594
2023-03-24,20.88,21.17,21.64,20.77,20376.0,43249904.0,2023-03-24,300594
2023-03-27,21.17,21.51,21.69,21.0,14764.0,31522190.0,2023-03-27,300594
2023-03-28,21.52,21.43,21.7,20.95,14828.0,31650660.0,2023-03-28,300594
2023-03-29,21.32,20.91,21.79,20.89,10690.0,22551724.0,2023-03-29,300594
2023-03-30,21.03,21.33,21.55,20.58,14809.0,31187258.0,2023-03-30,300594
2023-03-31,21.34,22.32,22.5,21.2,31524.0,69525776.0,2023-03-31,300594
2023-04-03,22.32,21.92,22.41,21.59,32160.0,70440400.0,2023-04-03,300594
2023-04-04,21.92,21.99,22.18,21.44,24868.0,54252960.0,2023-04-04,300594
2023-04-06,21.92,22.67,22.78,21.8,24648.0,55229188.0,2023-04-06,300594
2023-04-07,22.67,23.53,23.61,22.36,36890.0,85276768.0,2023-04-07,300594
2023-04-10,23.5,23.18,23.6,22.75,38446.0,88386088.0,2023-04-10,300594
2023-04-11,23.0,22.67,23.28,22.39,26471.0,60270444.0,2023-04-11,300594
2023-04-12,22.45,22.96,23.19,22.31,20475.0,46772852.0,2023-04-12,300594
2023-04-13,22.9,22.57,23.18,22.45,21260.0,48275200.0,2023-04-13,300594
2023-04-14,22.62,22.79,22.99,22.44,13392.0,30503362.0,2023-04-14,300594
2023-04-17,22.91,22.5,23.47,22.46,17964.0,41008964.0,2023-04-17,300594
2023-04-18,22.48,22.17,22.65,22.08,13009.0,28953598.0,2023-04-18,300594
2023-04-19,22.4,21.92,22.5,21.9,13412.0,29739088.0,2023-04-19,300594
2023-04-20,22.15,21.5,22.15,21.21,19010.0,40813376.0,2023-04-20,300594
2023-04-21,21.5,20.51,21.55,20.46,21685.0,45278264.0,2023-04-21,300594
2023-04-24,20.51,20.68,22.49,20.42,37684.0,80427152.0,2023-04-24,300594
2023-04-25,20.67,20.72,20.98,19.65,31054.0,62875956.0,2023-04-25,300594
2023-04-26,20.4,21.51,21.96,20.06,32645.0,69644176.0,2023-04-26,300594
2023-04-27,21.63,21.2,21.64,21.0,16449.0,34964860.0,2023-04-27,300594
2023-04-28,20.6,19.75,20.6,19.0,30331.0,59191112.0,2023-04-28,300594
2023-05-04,19.89,19.72,20.16,19.27,19452.0,38509072.0,2023-05-04,300594
2023-05-05,19.7,19.41,19.71,19.0,19810.0,38166344.0,2023-05-05,300594
2023-05-08,19.55,21.33,21.36,19.55,37821.0,78777368.0,2023-05-08,300594
2023-05-09,22.24,20.8,22.33,20.6,25262.0,53718312.0,2023-05-09,300594
2023-05-10,20.65,22.1,22.56,20.61,32939.0,72535280.0,2023-05-10,300594
2023-05-11,22.31,23.15,23.97,22.31,63928.0,148834848.0,2023-05-11,300594
2023-05-12,22.9,22.8,23.3,22.64,25282.0,58073460.0,2023-05-12,300594
2023-05-15,22.61,23.65,23.95,22.61,36831.0,85523040.0,2023-05-15,300594
2023-05-16,23.65,23.8,23.97,23.3,26961.0,63798560.0,2023-05-16,300594
2023-05-17,24.07,23.05,25.3,22.81,37726.0,88448584.0,2023-05-17,300594
2023-05-18,22.93,23.4,23.88,22.77,36217.0,84883296.0,2023-05-18,300594
2023-05-19,23.73,25.0,25.98,23.28,63561.0,157667408.0,2023-05-19,300594
2023-05-22,24.98,25.8,26.3,24.5,58841.0,149141328.0,2023-05-22,300594
2023-05-23,25.99,25.8,27.27,25.42,46737.0,121613288.0,2023-05-23,300594
2023-05-24,25.66,25.73,26.44,24.78,41315.0,106564640.0,2023-05-24,300594
2023-05-25,25.42,25.56,26.16,25.27,32156.0,82391832.0,2023-05-25,300594
2023-05-26,25.53,25.68,25.8,25.05,27492.0,69876600.0,2023-05-26,300594
2023-05-29,25.76,25.39,26.36,25.0,21239.0,54036884.0,2023-05-29,300594
2023-05-30,25.54,25.7,26.47,25.2,26240.0,67626248.0,2023-05-30,300594
2023-05-31,25.71,25.0,25.71,24.7,27633.0,69072776.0,2023-05-31,300594
2023-06-01,25.38,24.9,25.38,24.74,20281.0,50674360.0,2023-06-01,300594
2023-06-02,25.01,25.45,25.7,24.65,27222.0,68524056.0,2023-06-02,300594
2023-06-05,25.79,25.39,25.89,24.76,19801.0,49943652.0,2023-06-05,300594
2023-06-06,25.85,25.13,26.44,24.9,33999.0,87104184.0,2023-06-06,300594
2023-06-07,25.09,25.09,25.47,24.6,20359.0,50726928.0,2023-06-07,300594
2023-06-08,25.06,24.31,25.14,24.16,17569.0,43020844.0,2023-06-08,300594
2023-06-09,24.5,24.35,24.53,24.15,9869.0,24000508.0,2023-06-09,300594
2023-06-12,24.89,25.85,26.04,24.12,29465.0,74547288.0,2023-06-12,300594
2023-06-13,25.79,28.0,28.67,25.55,71932.0,197373712.0,2023-06-13,300594
2023-06-14,27.94,27.2,28.16,26.91,42755.0,117680792.0,2023-06-14,300594
2023-06-15,27.0,25.89,27.0,25.54,39949.0,103933872.0,2023-06-15,300594
2023-06-16,25.76,25.76,26.1,25.14,23533.0,60086108.0,2023-06-16,300594
2023-06-19,26.79,27.59,29.18,26.5,88165.0,244541664.0,2023-06-19,300594
2023-06-20,27.24,26.06,27.53,25.88,60765.0,159956544.0,2023-06-20,300594
2023-06-21,25.88,25.2,25.98,25.2,28029.0,71352752.0,2023-06-21,300594
2023-06-26,24.97,24.77,25.27,24.35,21377.0,52880648.0,2023-06-26,300594
2023-06-27,24.51,25.87,26.19,24.51,29969.0,77237712.0,2023-06-27,300594
2023-06-28,25.73,26.05,26.26,25.2,21817.0,56317672.0,2023-06-28,300594
2023-06-29,25.81,26.14,26.6,25.61,17955.0,47096384.0,2023-06-29,300594
2023-06-30,26.0,25.78,26.29,25.72,13012.0,33716712.0,2023-06-30,300594
2023-07-03,26.08,25.01,26.08,24.59,42446.0,105814040.0,2023-07-03,300594
2023-07-04,25.06,24.9,25.45,24.64,21451.0,53760108.0,2023-07-04,300594
2023-07-05,24.76,24.49,24.87,24.42,13781.0,33931304.0,2023-07-05,300594
2023-07-06,24.49,24.4,24.78,24.11,18434.0,45278524.0,2023-07-06,300594
2023-07-07,24.3,23.72,24.4,23.63,15649.0,37389480.0,2023-07-07,300594
2023-07-10,23.72,25.85,25.94,23.7,44536.0,112137688.0,2023-07-10,300594
2023-07-11,25.68,24.27,26.29,23.8,55264.0,138241280.0,2023-07-11,300594
2023-07-12,24.22,24.15,24.74,23.81,22633.0,55210744.0,2023-07-12,300594
2023-07-13,24.16,24.13,24.36,23.89,14695.0,35496200.0,2023-07-13,300594
2023-07-14,24.13,24.8,25.25,23.88,30647.0,75557856.0,2023-07-14,300594
2023-07-17,24.61,24.3,24.88,23.9,14981.0,36230352.0,2023-07-17,300594
2023-07-18,24.3,24.05,24.41,23.92,15411.0,37113264.0,2023-07-18,300594
2023-07-19,24.05,24.25,24.51,23.97,10941.0,26548552.0,2023-07-19,300594
2023-07-20,24.58,23.97,24.66,23.6,12907.0,30991650.0,2023-07-20,300594
2023-07-21,24.18,23.11,24.18,23.05,18457.0,43149784.0,2023-07-21,300594
2023-07-24,23.22,23.14,23.36,22.95,10458.0,24220000.0,2023-07-24,300594
2023-07-25,23.2,23.26,23.4,23.05,7014.0,16286022.0,2023-07-25,300594
2023-07-26,23.3,22.58,23.3,22.56,11453.0,26099866.0,2023-07-26,300594
2023-07-27,22.51,22.15,22.95,22.02,12140.0,27229512.0,2023-07-27,300594
2023-07-28,22.4,22.25,22.66,22.01,10479.0,23313792.0,2023-07-28,300594
2023-07-31,22.31,22.96,22.99,22.09,13057.0,29566610.0,2023-07-31,300594
2023-08-01,23.0,23.39,23.6,22.59,13374.0,31022964.0,2023-08-01,300594
2023-08-02,23.33,24.42,24.7,23.03,24444.0,59006656.0,2023-08-02,300594
2023-08-03,24.33,24.31,24.55,24.15,12661.0,30781712.0,2023-08-03,300594
2023-08-04,24.37,23.88,24.37,23.77,10138.0,24302682.0,2023-08-04,300594
2023-08-07,23.88,23.94,24.13,23.55,7974.0,19036924.0,2023-08-07,300594
2023-08-08,23.94,23.96,24.04,23.63,6609.0,15743795.0,2023-08-08,300594
2023-08-09,23.87,23.5,23.99,23.41,4979.0,11734862.0,2023-08-09,300594
2023-08-10,23.94,23.65,23.94,23.31,5308.0,12513898.0,2023-08-10,300594
2023-08-11,23.65,23.37,23.8,23.31,6137.0,14459210.0,2023-08-11,300594
2023-08-14,23.78,23.75,23.78,22.85,8674.0,20237292.0,2023-08-14,300594
2023-08-15,23.82,23.57,24.31,23.4,12657.0,30259408.0,2023-08-15,300594
2023-08-16,23.48,22.99,23.8,22.92,10171.0,23666150.0,2023-08-16,300594
2023-08-17,22.95,23.52,23.61,22.9,9619.0,22426380.0,2023-08-17,300594
2023-08-18,23.43,23.72,24.07,23.43,12173.0,29030352.0,2023-08-18,300594
2023-08-21,23.89,23.7,24.54,23.67,20225.0,48708848.0,2023-08-21,300594
2023-08-22,23.97,23.35,24.08,23.0,20176.0,47059952.0,2023-08-22,300594
2023-08-23,23.22,23.01,23.37,22.67,15622.0,35985232.0,2023-08-23,300594
2023-08-24,22.91,22.74,23.34,22.6,9929.0,22662722.0,2023-08-24,300594
2023-08-25,22.63,22.24,22.88,22.16,11635.0,26129972.0,2023-08-25,300594
2023-08-28,23.22,22.1,23.22,22.0,13689.0,30785080.0,2023-08-28,300594
2023-08-29,22.1,23.47,23.54,21.81,16990.0,39153948.0,2023-08-29,300594
2023-08-30,23.55,24.0,24.23,23.01,13010.0,31126812.0,2023-08-30,300594
2023-08-31,23.86,24.03,24.2,23.84,14523.0,34818136.0,2023-08-31,300594
2023-09-01,23.98,24.22,24.38,23.73,17206.0,41410692.0,2023-09-01,300594
2023-09-04,24.24,24.42,24.44,24.0,11148.0,27084258.0,2023-09-04,300594
2023-09-05,24.4,24.3,24.57,24.02,7192.0,17490852.0,2023-09-05,300594
2023-09-06,24.5,24.26,24.5,24.03,8217.0,19878400.0,2023-09-06,300594
2023-09-07,24.26,23.16,24.3,23.0,16870.0,39737920.0,2023-09-07,300594
2023-09-08,23.27,23.12,23.84,23.1,12188.0,28443362.0,2023-09-08,300594
2023-09-11,23.55,23.42,23.55,22.94,12025.0,28013210.0,2023-09-11,300594
2023-09-12,23.49,23.28,23.5,22.83,12100.0,27940016.0,2023-09-12,300594
2023-09-13,23.41,22.69,23.41,22.47,9534.0,21690992.0,2023-09-13,300594
2023-09-14,22.66,22.23,22.72,22.08,11095.0,24680418.0,2023-09-14,300594
2023-09-15,22.25,22.01,22.44,21.88,9305.0,20540868.0,2023-09-15,300594
2023-09-18,22.1,22.66,23.09,21.72,15283.0,34585536.0,2023-09-18,300594
2023-09-19,22.77,22.88,22.92,22.43,12048.0,27326786.0,2023-09-19,300594
2023-09-20,22.88,22.5,23.09,22.5,8922.0,20256104.0,2023-09-20,300594
2023-09-21,22.8,23.57,25.59,22.75,56963.0,136516816.0,2023-09-21,300594
2023-09-22,22.95,23.36,23.43,22.05,51716.0,117262192.0,2023-09-22,300594
2023-09-25,23.1,22.82,23.53,22.45,33856.0,77482528.0,2023-09-25,300594
2023-09-26,22.82,22.05,22.82,22.01,31098.0,68980120.0,2023-09-26,300594
2023-09-27,21.8,22.2,22.54,21.8,24990.0,55751856.0,2023-09-27,300594
2023-09-28,22.2,22.25,22.55,22.1,18602.0,41526748.0,2023-09-28,300594
2023-10-09,22.22,22.13,22.56,22.09,22278.0,49605116.0,2023-10-09,300594
2023-10-10,22.15,22.37,22.48,22.04,19917.0,44366316.0,2023-10-10,300594
2023-10-11,22.24,22.38,22.66,21.9,22756.0,50653056.0,2023-10-11,300594
2023-10-12,22.38,22.06,22.43,22.02,16868.0,37407220.0,2023-10-12,300594
2023-10-13,22.02,21.93,22.16,21.75,15536.0,34042040.0,2023-10-13,300594
2023-10-16,21.89,21.21,21.92,21.13,22683.0,48570272.0,2023-10-16,300594
2023-10-17,21.95,21.43,21.95,21.1,21045.0,44949768.0,2023-10-17,300594
2023-10-18,21.66,21.35,21.68,21.18,15055.0,32175836.0,2023-10-18,300594
2023-10-19,21.36,21.45,21.92,21.22,14660.0,31584766.0,2023-10-19,300594
2023-10-20,21.6,20.83,21.67,20.7,18122.0,38218144.0,2023-10-20,300594
2023-10-23,20.83,20.37,20.98,20.27,21530.0,44202480.0,2023-10-23,300594
2023-10-24,20.49,21.03,21.08,20.42,16931.0,35302184.0,2023-10-24,300594
2023-10-25,21.05,21.26,21.5,21.05,15634.0,33299676.0,2023-10-25,300594
2023-10-26,21.13,20.26,21.13,19.73,30681.0,61778256.0,2023-10-26,300594
2023-10-27,20.18,19.98,20.37,19.73,30315.0,60586360.0,2023-10-27,300594
2023-10-30,19.95,20.32,20.6,19.74,35924.0,72535840.0,2023-10-30,300594
2023-10-31,20.37,20.46,20.72,20.27,16024.0,32750648.0,2023-10-31,300594
2023-11-01,20.46,20.91,21.09,20.3,19933.0,41404552.0,2023-11-01,300594
2023-11-02,21.03,20.61,21.03,20.58,16782.0,34805552.0,2023-11-02,300594
2023-11-03,20.61,21.27,21.38,20.42,17089.0,36217728.0,2023-11-03,300594
2023-11-06,21.38,21.42,21.63,21.08,17507.0,37268780.0,2023-11-06,300594
2023-11-07,21.42,21.35,21.53,21.12,14752.0,31466984.0,2023-11-07,300594
2023-11-08,21.35,21.42,21.62,21.25,14614.0,31368920.0,2023-11-08,300594
2023-11-09,21.46,21.23,21.68,21.17,14146.0,30226414.0,2023-11-09,300594
2023-11-10,21.28,21.08,21.3,20.91,12150.0,25633580.0,2023-11-10,300594
2023-11-13,21.28,21.22,21.3,21.04,16013.0,33934892.0,2023-11-13,300594
2023-11-14,21.22,21.3,21.52,21.18,9771.0,20840188.0,2023-11-14,300594
2023-11-15,21.49,21.4,21.6,21.27,10219.0,21879860.0,2023-11-15,300594
2023-11-16,21.46,21.08,21.57,21.05,13860.0,29503622.0,2023-11-16,300594
2023-11-17,21.14,21.35,21.43,21.05,11547.0,24567214.0,2023-11-17,300594
2023-11-20,21.4,21.51,21.55,21.13,17884.0,38231460.0,2023-11-20,300594
2023-11-21,21.51,21.13,21.65,21.07,18837.0,40141012.0,2023-11-21,300594
2023-11-22,21.16,20.84,21.36,20.83,15977.0,33572968.0,2023-11-22,300594
2023-11-23,20.85,21.15,21.28,20.68,16194.0,34041360.0,2023-11-23,300594
2023-11-24,21.25,20.65,21.25,20.51,16325.0,33762572.0,2023-11-24,300594
2023-11-27,20.64,20.86,21.15,20.35,15355.0,32014178.0,2023-11-27,300594
2023-11-28,20.92,21.05,21.25,20.91,15070.0,31784364.0,2023-11-28,300594
2023-11-29,21.15,21.45,21.54,20.97,26311.0,56020736.0,2023-11-29,300594
2023-11-30,21.45,21.02,21.48,20.64,28881.0,60737476.0,2023-11-30,300594
2023-12-01,21.05,21.16,21.44,20.92,24949.0,52836364.0,2023-12-01,300594
2023-12-04,21.16,20.99,21.25,20.6,25042.0,52295904.0,2023-12-04,300594
2023-12-05,20.98,20.46,21.08,20.46,14309.0,29619234.0,2023-12-05,300594
2023-12-06,20.38,20.65,20.84,20.36,15601.0,32302700.0,2023-12-06,300594
2023-12-07,20.79,20.41,20.79,20.4,13545.0,27844816.0,2023-12-07,300594
2023-12-08,20.6,20.09,20.84,20.04,15771.0,32155516.0,2023-12-08,300594
2023-12-11,20.18,20.43,20.57,19.93,17799.0,36045728.0,2023-12-11,300594
2023-12-12,20.43,20.41,20.63,20.03,11130.0,22619594.0,2023-12-12,300594
2023-12-13,20.33,20.24,20.6,20.1,13038.0,26531766.0,2023-12-13,300594
2023-12-14,20.25,20.07,20.49,20.02,9934.0,20068476.0,2023-12-14,300594
2023-12-15,20.09,20.06,20.23,19.94,8411.0,16837440.0,2023-12-15,300594
2023-12-18,20.06,19.9,20.2,19.77,12089.0,24160658.0,2023-12-18,300594
2023-12-19,19.9,20.1,20.27,19.79,11278.0,22576072.0,2023-12-19,300594
2023-12-20,20.11,20.13,20.59,20.02,16708.0,34024864.0,2023-12-20,300594
2023-12-21,20.16,20.18,20.24,19.45,19540.0,38752480.0,2023-12-21,300594
2023-12-22,20.18,19.9,20.4,19.82,12066.0,24163668.0,2023-12-22,300594
2023-12-25,19.92,19.59,19.98,19.42,10628.0,20801880.0,2023-12-25,300594
2023-12-26,19.8,19.4,19.92,19.28,12306.0,23956984.0,2023-12-26,300594
2023-12-27,19.4,19.85,19.9,19.17,11532.0,22639754.0,2023-12-27,300594
2023-12-28,19.97,20.62,20.74,19.7,28006.0,57288224.0,2023-12-28,300594
2023-12-29,20.67,20.88,21.26,20.39,26679.0,55772836.0,2023-12-29,300594
2024-01-02,20.91,21.36,21.47,20.75,26807.0,56774272.0,2024-01-02,300594
2024-01-03,21.42,21.45,21.89,21.17,27618.0,59290528.0,2024-01-03,300594
2024-01-04,21.66,21.46,21.66,21.2,15051.0,32194630.0,2024-01-04,300594
2024-01-05,21.46,21.07,21.57,21.0,14847.0,31446076.0,2024-01-05,300594
2024-01-08,21.08,20.75,21.33,20.62,14215.0,29640880.0,2024-01-08,300594
2024-01-09,20.73,20.89,21.26,20.7,12978.0,27176536.0,2024-01-09,300594
2024-01-10,20.91,20.73,21.3,20.51,16782.0,35080892.0,2024-01-10,300594
2024-01-11,20.74,21.12,21.18,20.6,14129.0,29549452.0,2024-01-11,300594
2024-01-12,21.18,20.86,21.23,20.82,8629.0,18124124.0,2024-01-12,300594
2024-01-15,21.0,20.84,21.28,20.45,17774.0,36893532.0,2024-01-15,300594
2024-01-16,20.73,20.51,21.1,20.3,17053.0,35173712.0,2024-01-16,300594
2024-01-17,20.48,19.8,20.64,19.8,12749.0,25823132.0,2024-01-17,300594
2024-01-18,19.82,19.5,20.14,19.01,20431.0,39594476.0,2024-01-18,300594
2024-01-19,19.9,19.1,19.9,19.04,16050.0,30824052.0,2024-01-19,300594
2024-01-22,18.76,17.61,19.09,17.52,20725.0,38029132.0,2024-01-22,300594
2024-01-23,17.78,17.04,17.78,16.82,19630.0,33604372.0,2024-01-23,300594
2024-01-24,17.14,17.48,17.7,16.71,26060.0,44913188.0,2024-01-24,300594
2024-01-25,17.55,18.8,19.0,17.41,19332.0,35175928.0,2024-01-25,300594
2024-01-26,18.88,18.8,19.5,18.55,29195.0,55727776.0,2024-01-26,300594
2024-01-29,19.06,17.71,19.06,17.52,21872.0,39341488.0,2024-01-29,300594
2024-01-30,17.73,17.1,17.96,17.03,15444.0,26939684.0,2024-01-30,300594
2024-01-31,17.11,15.7,17.25,15.64,24172.0,39284216.0,2024-01-31,300594
2024-02-01,15.45,15.53,15.88,14.99,21376.0,33136706.0,2024-02-01,300594
2024-02-02,15.55,14.18,15.89,13.68,28264.0,41032756.0,2024-02-02,300594
2024-02-05,14.18,11.77,14.46,11.6,51447.0,64392508.0,2024-02-05,300594
2024-02-06,11.76,12.23,12.34,10.39,60561.0,67238408.0,2024-02-06,300594
2024-02-07,12.71,11.12,12.73,10.74,50887.0,57538556.0,2024-02-07,300594
2024-02-08,11.27,13.17,13.26,10.61,48993.0,58259628.0,2024-02-08,300594
2024-02-19,13.52,13.2,14.09,12.88,29833.0,40157168.0,2024-02-19,300594
2024-02-20,13.38,13.49,13.57,12.95,18794.0,25038504.0,2024-02-20,300594
2024-02-21,13.24,14.11,14.55,13.24,24694.0,34877176.0,2024-02-21,300594
2024-02-22,14.12,14.65,14.79,14.1,18356.0,26667712.0,2024-02-22,300594
2024-02-23,14.69,15.13,15.14,14.63,20202.0,30130232.0,2024-02-23,300594
2024-02-26,15.3,15.5,16.09,15.15,35531.0,55693236.0,2024-02-26,300594
2024-02-27,15.75,16.1,16.24,15.45,24501.0,38584896.0,2024-02-27,300594
2024-02-28,16.08,13.99,16.36,13.89,54301.0,81542656.0,2024-02-28,300594
2024-02-29,13.7,14.79,14.8,13.58,36545.0,52231480.0,2024-02-29,300594
2024-03-01,14.79,15.71,15.8,14.79,37303.0,57336340.0,2024-03-01,300594
2024-03-04,15.9,16.95,17.5,15.4,77367.0,126308768.0,2024-03-04,300594
2024-03-05,16.08,15.8,16.88,15.66,63532.0,103324568.0,2024-03-05,300594
2024-03-06,15.68,16.35,16.59,15.22,45885.0,73290784.0,2024-03-06,300594
2024-03-07,16.9,18.64,19.62,16.63,183767.0,350162112.0,2024-03-07,300594
2024-03-08,17.48,18.41,18.48,16.6,163276.0,280780352.0,2024-03-08,300594
2024-03-11,17.6,18.3,18.93,17.23,115789.0,208117632.0,2024-03-11,300594
2024-03-12,18.35,19.32,19.99,18.1,121763.0,232412992.0,2024-03-12,300594
2024-03-13,19.7,18.49,19.83,18.33,92037.0,173531536.0,2024-03-13,300594
2024-03-14,17.98,17.38,18.09,16.95,69337.0,121689368.0,2024-03-14,300594
2024-03-15,17.51,17.39,17.56,17.0,40419.0,69644672.0,2024-03-15,300594
2024-03-18,17.47,17.85,17.93,17.41,43125.0,76344552.0,2024-03-18,300594
2024-03-19,17.66,17.59,17.93,17.46,39842.0,70442896.0,2024-03-19,300594
2024-03-20,17.5,17.49,17.69,17.26,33276.0,57945360.0,2024-03-20,300594
2024-03-21,17.59,17.49,17.74,17.18,25775.0,44965480.0,2024-03-21,300594
2024-03-22,17.36,17.13,17.46,17.01,27479.0,47215208.0,2024-03-22,300594
2024-03-25,16.99,16.49,17.26,16.4,26392.0,44239776.0,2024-03-25,300594
2024-03-26,16.4,16.57,16.71,16.3,18190.0,30041348.0,2024-03-26,300594
2024-03-27,16.62,16.72,17.5,15.84,40988.0,67304480.0,2024-03-27,300594
2024-03-28,16.34,16.95,17.38,16.11,48870.0,81739888.0,2024-03-28,300594
2024-03-29,16.74,16.9,17.14,16.64,39690.0,66867984.0,2024-03-29,300594
2024-04-01,16.9,16.91,17.18,16.83,34736.0,58895040.0,2024-04-01,300594
2024-04-02,16.92,16.98,17.15,16.66,37380.0,63418528.0,2024-04-02,300594
2024-04-03,16.98,16.75,17.18,16.4,26623.0,44251284.0,2024-04-03,300594
2024-04-08,16.69,16.24,16.72,16.24,17156.0,28214386.0,2024-04-08,300594
2024-04-09,16.24,16.51,16.52,16.02,15639.0,25530118.0,2024-04-09,300594
2024-04-10,16.5,15.95,16.52,15.8,13368.0,21525892.0,2024-04-10,300594
2024-04-11,15.87,16.1,16.34,15.78,18209.0,29361040.0,2024-04-11,300594
2024-04-12,16.0,16.03,16.62,16.0,15609.0,25483446.0,2024-04-12,300594
2024-04-15,15.87,14.94,16.19,14.65,28963.0,44019300.0,2024-04-15,300594
2024-04-16,14.74,13.1,14.74,13.07,31176.0,42890696.0,2024-04-16,300594
2024-04-17,13.31,14.76,14.78,13.31,30356.0,43652764.0,2024-04-17,300594
2024-04-18,14.75,14.64,14.9,14.28,22394.0,32710248.0,2024-04-18,300594
2024-04-19,14.64,14.76,15.18,14.4,18657.0,27497352.0,2024-04-19,300594
2024-04-22,14.55,14.47,14.9,14.02,16431.0,23703652.0,2024-04-22,300594
2024-04-23,13.81,14.25,14.44,13.7,17512.0,24839026.0,2024-04-23,300594
2024-04-24,14.25,15.57,16.29,14.22,73209.0,114164040.0,2024-04-24,300594
2024-04-25,15.5,16.36,16.85,15.5,53194.0,86429632.0,2024-04-25,300594
2024-04-26,15.95,17.51,18.5,15.95,109262.0,191802784.0,2024-04-26,300594
2024-04-29,17.48,16.98,17.78,16.16,74507.0,125319952.0,2024-04-29,300594
2024-04-30,16.98,16.22,17.73,16.0,53960.0,90091136.0,2024-04-30,300594
2024-05-06,16.46,16.51,16.97,16.2,33699.0,55896552.0,2024-05-06,300594
2024-05-07,16.34,17.52,17.54,16.18,62469.0,106994128.0,2024-05-07,300594
2024-05-08,17.2,17.81,18.65,17.15,77948.0,140747920.0,2024-05-08,300594
2024-05-09,17.8,17.85,18.35,17.46,41717.0,75121800.0,2024-05-09,300594
2024-05-10,17.76,17.35,18.63,17.3,54266.0,97429912.0,2024-05-10,300594
2024-05-13,16.98,16.56,17.37,16.42,50741.0,85183648.0,2024-05-13,300594
2024-05-14,16.5,16.46,16.96,16.25,31735.0,52381024.0,2024-05-14,300594
2024-05-15,16.39,16.44,17.08,16.21,21677.0,36105448.0,2024-05-15,300594
2024-05-16,16.6,16.42,16.85,16.35,18888.0,31388510.0,2024-05-16,300594
2024-05-17,16.4,17.75,17.77,16.36,50803.0,86998744.0,2024-05-17,300594
2024-05-20,19.0,18.59,19.36,17.13,70691.0,128432120.0,2024-05-20,300594
2024-05-21,18.38,17.99,18.9,17.86,36910.0,67442936.0,2024-05-21,300594
2024-05-22,18.13,17.94,18.43,17.83,20775.0,37587480.0,2024-05-22,300594
2024-05-23,18.25,17.68,18.44,17.5,23616.0,42198920.0,2024-05-23,300594
2024-05-24,17.69,17.55,18.1,17.32,21930.0,38761272.0,2024-05-24,300594
2024-05-27,17.55,17.17,17.66,16.91,22893.0,39286620.0,2024-05-27,300594
2024-05-28,17.19,16.99,17.3,16.51,31839.0,53607760.0,2024-05-28,300594
2024-05-29,16.87,16.55,17.16,16.45,21493.0,35888816.0,2024-05-29,300594
2024-05-30,16.66,16.48,17.3,16.3,19042.0,31601398.0,2024-05-30,300594
2024-05-31,16.69,16.78,17.4,16.32,22154.0,37382060.0,2024-05-31,300594
2024-06-03,16.72,16.1,16.92,15.92,26424.0,43174448.0,2024-06-03,300594
2024-06-04,16.0,15.63,16.0,15.08,27749.0,42741944.0,2024-06-04,300594
2024-06-05,15.5,15.0,15.5,14.97,15570.0,23517920.0,2024-06-05,300594
2024-06-06,15.01,14.4,15.32,14.33,23020.0,33814788.0,2024-06-06,300594
2024-06-07,15.76,15.05,16.36,14.88,30284.0,47084988.0,2024-06-07,300594
2024-06-11,14.89,15.12,15.19,14.0,25167.0,36778292.0,2024-06-11,300594
2024-06-12,14.98,15.29,15.34,14.98,14837.0,22562524.0,2024-06-12,300594
2024-06-13,15.48,15.1,15.48,14.96,12081.0,18268752.0,2024-06-13,300594
2024-06-14,15.22,14.79,15.22,14.7,17911.0,26592770.0,2024-06-14,300594
2024-06-17,14.43,13.6,14.73,13.18,74277.0,102200936.0,2024-06-17,300594
2024-06-18,13.49,13.7,13.74,13.24,35310.0,47758388.0,2024-06-18,300594
2024-06-19,13.75,16.44,16.44,13.75,133075.0,206717008.0,2024-06-19,300594
2024-06-20,15.76,15.07,15.88,15.07,111503.0,171126448.0,2024-06-20,300594
2024-06-21,15.11,15.38,15.99,15.09,80684.0,124397112.0,2024-06-21,300594
2024-06-24,15.08,14.1,15.08,13.6,81049.0,115265208.0,2024-06-24,300594
2024-06-25,13.93,13.52,14.08,13.34,68199.0,93326184.0,2024-06-25,300594
2024-06-26,13.56,14.09,14.15,13.16,55875.0,77042736.0,2024-06-26,300594
2024-06-27,13.99,13.73,14.5,13.71,56595.0,79310584.0,2024-06-27,300594
2024-06-28,13.67,14.02,14.78,13.67,51560.0,73235200.0,2024-06-28,300594
2024-07-01,14.0,13.85,14.26,13.48,38737.0,53394224.0,2024-07-01,300594
2024-07-02,13.89,13.85,14.11,13.71,30808.0,42810204.0,2024-07-02,300594
2024-07-03,13.86,13.56,13.93,13.4,27554.0,37492880.0,2024-07-03,300594
2024-07-04,13.38,13.03,13.58,12.97,29579.0,39171292.0,2024-07-04,300594
2024-07-05,13.0,13.14,13.26,12.65,24920.0,32273520.0,2024-07-05,300594
2024-07-08,12.95,12.59,13.15,12.51,25788.0,32833824.0,2024-07-08,300594
2024-07-09,12.71,13.34,13.5,12.52,36917.0,48275900.0,2024-07-09,300594
2024-07-10,13.16,13.11,13.63,13.07,23800.0,31718050.0,2024-07-10,300594
2024-07-11,13.36,13.57,13.82,13.28,27150.0,36627136.0,2024-07-11,300594
2024-07-12,13.55,13.63,14.1,13.23,37298.0,50716660.0,2024-07-12,300594
2024-07-15,13.47,13.96,14.0,13.33,47583.0,65171944.0,2024-07-15,300594
2024-07-16,13.7,14.07,14.44,13.58,52005.0,72888632.0,2024-07-16,300594
2024-07-17,14.06,13.7,14.23,13.65,41226.0,57347648.0,2024-07-17,300594
2024-07-18,13.7,14.26,14.5,13.1,61361.0,85256512.0,2024-07-18,300594
2024-07-19,14.1,14.84,15.66,13.89,85679.0,125274288.0,2024-07-19,300594
2024-07-22,14.62,14.74,15.28,14.4,63898.0,94422952.0,2024-07-22,300594
2024-07-23,14.79,14.64,15.47,14.5,82417.0,124026144.0,2024-07-23,300594
2024-07-24,14.53,14.95,16.38,14.35,66849.0,100737152.0,2024-07-24,300594
2024-07-25,14.52,14.8,15.28,14.2,59240.0,87790656.0,2024-07-25,300594
2024-07-26,15.1,14.74,15.5,14.6,54548.0,81432192.0,2024-07-26,300594
2024-07-29,14.63,14.79,15.04,14.32,53605.0,78725768.0,2024-07-29,300594
2024-07-30,14.7,14.44,14.99,14.41,44787.0,65374960.0,2024-07-30,300594
2024-07-31,14.38,15.2,15.3,14.24,64978.0,96178128.0,2024-07-31,300594
2024-08-01,15.35,15.9,17.5,15.25,138477.0,226731712.0,2024-08-01,300594
2024-08-02,15.66,15.85,16.18,15.41,97037.0,153572576.0,2024-08-02,300594
2024-08-05,15.75,14.64,15.84,14.58,74384.0,112108832.0,2024-08-05,300594
2024-08-06,14.93,14.73,14.95,14.62,37148.0,54771036.0,2024-08-06,300594
2024-08-07,14.65,14.6,15.1,14.58,33877.0,50134200.0,2024-08-07,300594
2024-08-08,14.46,14.17,14.6,13.94,37614.0,53228400.0,2024-08-08,300594
2024-08-09,14.18,15.11,16.68,14.18,113270.0,178700752.0,2024-08-09,300594
2024-08-12,14.89,14.48,14.99,14.3,82864.0,120691640.0,2024-08-12,300594
2024-08-13,14.47,14.47,14.65,14.13,44007.0,63171576.0,2024-08-13,300594
2024-08-14,14.5,14.46,14.82,14.4,39822.0,58100772.0,2024-08-14,300594
2024-08-15,14.3,14.77,15.0,14.18,53280.0,78393728.0,2024-08-15,300594
2024-08-16,14.6,14.36,14.78,14.35,42398.0,61627256.0,2024-08-16,300594
2024-08-19,14.22,14.45,14.9,14.22,36172.0,52912744.0,2024-08-19,300594
2024-08-20,14.37,13.81,14.47,13.75,38950.0,54594408.0,2024-08-20,300594
2024-08-21,13.82,13.78,13.95,13.64,17116.0,23642612.0,2024-08-21,300594
2024-08-22,13.8,13.48,13.93,13.45,16626.0,22622588.0,2024-08-22,300594
2024-08-23,13.48,13.31,13.54,13.14,15560.0,20724214.0,2024-08-23,300594
2024-08-26,13.36,13.62,13.77,13.15,18166.0,24669856.0,2024-08-26,300594
2024-08-27,13.53,13.38,13.74,13.23,16067.0,21564734.0,2024-08-27,300594
2024-08-28,13.28,13.35,13.51,13.26,10491.0,14047607.0,2024-08-28,300594
2024-08-29,13.35,13.52,13.63,13.21,13793.0,18564302.0,2024-08-29,300594
2024-08-30,13.5,13.83,14.05,13.41,27510.0,37952548.0,2024-08-30,300594
2024-09-02,13.8,13.66,14.02,13.62,17990.0,24849116.0,2024-09-02,300594
2024-09-03,13.52,13.65,13.8,13.52,16286.0,22209202.0,2024-09-03,300594
2024-09-04,13.73,13.72,13.85,13.53,19093.0,26106316.0,2024-09-04,300594
2024-09-05,13.75,13.8,13.98,13.66,14459.0,19976132.0,2024-09-05,300594
2024-09-06,13.8,13.4,13.9,13.4,18755.0,25615504.0,2024-09-06,300594
2024-09-09,13.4,13.53,13.68,13.18,10864.0,14662715.0,2024-09-09,300594
2024-09-10,13.68,13.7,13.88,13.48,14526.0,19898484.0,2024-09-10,300594
2024-09-11,13.77,13.78,14.0,13.56,17323.0,23760068.0,2024-09-11,300594
2024-09-12,13.78,13.6,13.96,13.6,14147.0,19532280.0,2024-09-12,300594
2024-09-13,13.6,13.29,13.69,13.26,11990.0,16095152.0,2024-09-13,300594
2024-09-18,13.3,13.07,13.5,12.88,11764.0,15370717.0,2024-09-18,300594
2024-09-19,13.07,13.44,13.44,13.04,11338.0,15086788.0,2024-09-19,300594
2024-09-20,13.38,13.43,13.58,13.23,11615.0,15547341.0,2024-09-20,300594
2024-09-23,13.4,13.49,13.64,13.26,9855.0,13277879.0,2024-09-23,300594
2024-09-24,13.58,13.76,13.77,13.42,20814.0,28402326.0,2024-09-24,300594
2024-09-25,13.82,13.83,14.1,13.8,32075.0,44800380.0,2024-09-25,300594
2024-09-26,13.83,14.05,14.09,13.8,26939.0,37691800.0,2024-09-26,300594
2024-09-27,14.31,14.75,15.1,14.14,43064.0,62825268.0,2024-09-27,300594
2024-09-30,15.11,16.68,16.84,14.94,81190.0,129373312.0,2024-09-30,300594
2024-10-08,18.09,19.15,19.99,17.14,131924.0,244328096.0,2024-10-08,300594
2024-10-09,18.0,15.74,18.0,15.74,77701.0,132469552.0,2024-10-09,300594
2024-10-10,16.05,16.31,16.98,15.88,68370.0,112800048.0,2024-10-10,300594
2024-10-11,16.16,15.48,16.16,15.25,50978.0,79643488.0,2024-10-11,300594
2024-10-14,15.75,16.31,16.38,15.52,47436.0,76307400.0,2024-10-14,300594
2024-10-15,16.1,17.02,18.38,15.98,92591.0,157893072.0,2024-10-15,300594
2024-10-16,16.51,17.53,18.5,16.51,91259.0,160085312.0,2024-10-16,300594
2024-10-17,17.37,17.24,17.53,16.88,70967.0,121750592.0,2024-10-17,300594
2024-10-18,17.22,17.81,18.13,16.62,85026.0,149385040.0,2024-10-18,300594
2024-10-21,17.67,21.37,21.37,17.67,197228.0,404771424.0,2024-10-21,300594
2024-10-22,23.09,20.75,25.0,20.75,294741.0,679104576.0,2024-10-22,300594
2024-10-23,19.99,20.8,21.75,19.69,167096.0,345182784.0,2024-10-23,300594
2024-10-24,19.55,19.19,19.96,18.97,122172.0,236013168.0,2024-10-24,300594
2024-10-25,18.94,19.68,19.7,18.94,100562.0,195260400.0,2024-10-25,300594
2024-10-28,19.79,20.47,20.67,19.52,98679.0,200389584.0,2024-10-28,300594
2024-10-29,20.12,19.22,20.4,19.1,91820.0,181252208.0,2024-10-29,300594
2024-10-30,19.22,18.95,19.62,18.63,71138.0,135572368.0,2024-10-30,300594
2024-10-31,18.61,19.26,19.44,18.61,68840.0,132098568.0,2024-10-31,300594
2024-11-01,19.17,17.9,19.44,17.81,75636.0,138498032.0,2024-11-01,300594
2024-11-04,17.64,18.15,18.31,17.64,39462.0,71468024.0,2024-11-04,300594
2024-11-05,18.11,18.71,18.89,18.11,56548.0,104484872.0,2024-11-05,300594
2024-11-06,19.27,19.02,19.79,18.85,85270.0,164651392.0,2024-11-06,300594
2024-11-07,19.4,19.84,20.39,19.1,98359.0,193595648.0,2024-11-07,300594
2024-11-08,19.84,19.47,20.2,19.47,83803.0,165271984.0,2024-11-08,300594
2024-11-11,19.49,19.89,19.89,19.35,61046.0,119877896.0,2024-11-11,300594
2024-11-12,19.9,20.1,20.44,19.7,75151.0,150326176.0,2024-11-12,300594
2024-11-13,20.1,20.1,20.33,19.55,48194.0,96179920.0,2024-11-13,300594
2024-11-14,20.09,19.68,20.79,19.64,70971.0,144079168.0,2024-11-14,300594
2024-11-15,20.0,19.08,20.1,19.07,49863.0,97664992.0,2024-11-15,300594
2024-11-18,19.11,18.34,19.37,18.0,42495.0,78198544.0,2024-11-18,300594
2024-11-19,18.4,18.95,18.96,18.31,28454.0,52992832.0,2024-11-19,300594
2024-11-20,18.99,19.39,19.43,18.87,35929.0,69241952.0,2024-11-20,300594
2024-11-21,19.38,19.45,19.6,19.09,32284.0,62491204.0,2024-11-21,300594
2024-11-22,19.52,18.3,19.52,18.3,34275.0,65146120.0,2024-11-22,300594
2024-11-25,18.32,18.81,18.82,18.1,28799.0,53333496.0,2024-11-25,300594
2024-11-26,18.71,18.36,18.87,18.33,21999.0,40753504.0,2024-11-26,300594
2024-11-27,18.39,19.25,19.3,17.81,55292.0,103967944.0,2024-11-27,300594
2024-11-28,19.15,19.17,19.67,19.0,52677.0,102226440.0,2024-11-28,300594
2024-11-29,20.77,19.86,21.28,19.58,102356.0,205947120.0,2024-11-29,300594
2024-12-02,19.98,20.01,20.75,19.87,80407.0,161874544.0,2024-12-02,300594
2024-12-03,19.91,19.98,20.55,19.63,65553.0,131355824.0,2024-12-03,300594
2024-12-04,19.89,19.7,20.22,19.41,53752.0,106783536.0,2024-12-04,300594
2024-12-05,19.63,19.88,20.09,19.52,33934.0,67377280.0,2024-12-05,300594
2024-12-06,19.91,19.82,19.96,19.41,37708.0,74214912.0,2024-12-06,300594
2024-12-09,19.86,19.98,20.1,19.6,39388.0,78326440.0,2024-12-09,300594
2024-12-10,20.5,19.77,20.57,19.71,52926.0,105871304.0,2024-12-10,300594
2024-12-11,19.76,19.78,19.96,19.62,31082.0,61456112.0,2024-12-11,300594
2024-12-12,19.9,19.85,19.93,19.54,32177.0,63507076.0,2024-12-12,300594
2024-12-13,19.75,19.25,19.82,19.2,36042.0,70057832.0,2024-12-13,300594
2024-12-16,19.2,19.07,19.44,18.83,28947.0,55310228.0,2024-12-16,300594
2024-12-17,19.0,18.05,19.04,18.0,34737.0,63723092.0,2024-12-17,300594
2024-12-18,18.05,17.89,18.29,17.45,30859.0,55244988.0,2024-12-18,300594
2024-12-19,17.66,18.2,18.38,17.51,30731.0,55301708.0,2024-12-19,300594
2024-12-20,18.2,18.27,18.45,18.0,29215.0,53352212.0,2024-12-20,300594
2024-12-23,18.36,17.37,18.38,17.11,36749.0,64774580.0,2024-12-23,300594
2024-12-24,17.41,17.47,17.95,17.33,21715.0,38335748.0,2024-12-24,300594
